time,right_s0,right_s1,right_e0,right_e1,right_w0,right_w1,right_w2
0.088492,0.331456712672,-0.651742774194,-0.0380607815994,0.338166998636,0.935567207037,0.101521023279,0.00711083557448
0.100344,0.332123282799,-0.651394476832,-0.0383077998215,0.338164722781,0.935517903092,0.10194981446,0.0075570227598
0.200302,0.331357408851,-0.651762122084,-0.0383108983298,0.338487080096,0.935434760689,0.101681037922,0.00701937533987
0.300398,0.330989798606,-0.651767148601,-0.0384678597791,0.338233155675,0.935522829688,0.10172775189,0.00684339316976
0.400470,0.331009184085,-0.652136842707,-0.0383439834505,0.33854230088,0.935439724692,0.101444670701,0.00711412458249
0.500401,0.331787824943,-0.652063164003,-0.0382094391878,0.338821953494,0.935307662554,0.101693148197,0.00760025059641
0.600443,0.33159298414,-0.651951502386,-0.0383941687701,0.338313448614,0.935494528369,0.101685660279,0.00735012738255
0.700383,0.331291615552,-0.651994960396,-0.0383117118753,0.338702467562,0.935364416156,0.101595683961,0.00723632899248
0.800435,0.331295261805,-0.651021866729,-0.0383616537404,0.337974319962,0.935562160505,0.102228109932,0.00679826577726
0.900586,0.3313720024,-0.651951783548,-0.0384707852702,0.338512899267,0.935424748884,0.101663868217,0.0073494288075
1.000387,0.332033689501,-0.65192946061,-0.03819697468,0.338604662625,0.935376873483,0.101774060056,0.00768294871282
1.100547,0.331515100044,-0.65089054629,-0.0385590780828,0.33829394467,0.935404394145,0.102605275482,0.00692703816343
1.200295,0.331446192502,-0.651080952496,-0.0384426077483,0.338302828271,0.935432961259,0.102318757199,0.00687337609275
1.300237,0.331613650958,-0.651731998732,-0.0381706349488,0.338458342414,0.935427413545,0.101810748266,0.0074883894508
1.400352,0.331629303793,-0.651781203553,-0.0382946834628,0.337824242348,0.935673581452,0.10166587472,0.00733349653202
1.500549,0.331580879948,-0.650804179199,-0.0385373995604,0.338181356476,0.93548779337,0.102231080948,0.00669064096384
1.600421,0.331592929838,-0.651053919761,-0.0382357689626,0.338435145492,0.935366976295,0.102472711124,0.00704382197018
1.700511,0.33156715807,-0.651025479858,-0.0380922193357,0.338303944245,0.935431805196,0.102328727832,0.00682719540192
1.800519,0.331354610146,-0.651161132706,-0.0384472493124,0.338425643596,0.935387491837,0.102325317902,0.00691759980115
1.900345,0.331744483729,-0.651259405925,-0.0382958614271,0.337969761953,0.935575099633,0.102097336176,0.00719770091605
2.000577,0.33072618412,-0.651072837195,-0.0381594865932,0.338790144742,0.935243752678,0.102459518072,0.00651214698523
2.100341,0.329860641155,-0.651715023648,-0.038427616115,0.339457858303,0.935012899654,0.102355444102,0.00652709582015
2.200394,0.328765816425,-0.652409522661,-0.0385027952853,0.341543875378,0.93424284341,0.102429180446,0.00680835675798
2.300345,0.332112301764,-0.652659479435,-0.03731498352,0.34149725482,0.934278496017,0.102096223701,0.0089262498946
2.400542,0.337352975757,-0.653610810172,-0.0353198686202,0.342396220463,0.934070978281,0.100505334889,0.0132254831165
2.500520,0.345413741381,-0.65687435529,-0.030988025892,0.33888631006,0.935845394768,0.0947399050875,0.0193343303486
2.600408,0.356648000618,-0.661215876767,-0.0264824765191,0.331121214151,0.939316730756,0.0854583304115,0.0271973275253
2.700341,0.37151107695,-0.666391235152,-0.0221461568758,0.322896803913,0.942845866399,0.0733794808686,0.0373467270977
2.800489,0.387692240184,-0.671047738622,-0.0179145926156,0.311796300908,0.946995413617,0.0606508549993,0.0480023657361
2.900328,0.405463601489,-0.674267221623,-0.0144822399049,0.304900824314,0.949331281383,0.048361886216,0.0588789731753
3.000340,0.424999958723,-0.677869817164,-0.0110162925798,0.300537534286,0.950395559589,0.0355462285649,0.07184661742
3.100421,0.44614242502,-0.682603737053,-0.00649188225624,0.295869866065,0.951008766105,0.0212394738156,0.0871334258316
3.200306,0.470406270557,-0.690643179898,-0.00139998337936,0.29260371502,0.950192476842,0.00277149569588,0.107282998288
3.300500,0.497127907305,-0.69711347977,0.00471059351542,0.286724460917,0.949240765391,-0.0154478194501,0.128422808357
3.400385,0.525600842208,-0.702282308342,0.0116369695903,0.281384767421,0.947292405208,-0.0309983192395,0.149996052955
3.500343,0.55409504524,-0.70233884982,0.0187882014578,0.271370041446,0.947117054876,-0.0408626584128,0.166306428366
3.600579,0.581146437028,-0.69914147055,0.0275125750996,0.26150508897,0.947683756705,-0.044877630058,0.177472769855
3.700380,0.608998174252,-0.694476816603,0.0363373361773,0.248984987324,0.948974507547,-0.0475549645229,0.187596336483
3.800453,0.640382225318,-0.690730907978,0.0469848762519,0.23331031263,0.950411612619,-0.0507943235525,0.19925862921
3.900474,0.66903843607,-0.68343666908,0.0530636924996,0.218886400161,0.952524929683,-0.0502316184343,0.205576717229
4.000410,0.698038428627,-0.678759868268,0.0571464764013,0.206718110423,0.953605985866,-0.0503171148983,0.213005714696
4.100575,0.731256234468,-0.677981121038,0.0624961303042,0.19447882242,0.952644820124,-0.0545593533264,0.227308405666
4.200295,0.765199259857,-0.677181286333,0.0667959257609,0.182997177932,0.951257361777,-0.0577832073369,0.241417823458
4.300575,0.796897761925,-0.676779673871,0.0705580851835,0.171216147517,0.94984725125,-0.0609201145481,0.254487661325
4.400599,0.826620514811,-0.673158009114,0.0727257368506,0.161238757259,0.948574975112,-0.0609519974902,0.265504112494
4.500674,0.852954380408,-0.669495669192,0.0734029238818,0.151020982194,0.947730361951,-0.0611120571347,0.274344929688
4.600445,0.878962771928,-0.664394337504,0.0749546611763,0.138284695213,0.946984388171,-0.0625793023875,0.283163808675
4.700345,0.903403896077,-0.655638606796,0.0751453970734,0.122827149249,0.94664978188,-0.064585366869,0.290854623927
4.800463,0.928782047996,-0.642396351045,0.0753162293608,0.108375495392,0.945267815166,-0.0645125851371,0.300934604139
4.900403,0.952437124508,-0.627035670245,0.0760212134946,0.0953997196,0.943468406473,-0.0640042396955,0.310917540176
5.000403,0.976374860633,-0.609265715509,0.0774824671948,0.0820746067746,0.940752453365,-0.0638879645313,0.322748986673
5.100465,1.00184022094,-0.593847990676,0.0814704582998,0.0702426119835,0.934863243952,-0.0671835122357,0.341442625127
5.200462,1.02895149856,-0.582433900067,0.0870576056736,0.0606350525909,0.924508728783,-0.0752215902124,0.36871223626
5.300318,1.05480495682,-0.571250193412,0.0960569513582,0.0519692978529,0.911159370185,-0.0848809761362,0.399853740878
5.400354,1.071963186,-0.562107474394,0.0999527879216,0.047891465646,0.900679365398,-0.0908042943017,0.422182032306
5.500399,1.08488617038,-0.554565623408,0.101731742642,0.0459042808048,0.892927881148,-0.0936260406814,0.437957487183
5.600562,1.09510899406,-0.547152758022,0.0997847261919,0.0444690933126,0.889150411857,-0.0925454176307,0.445947744148
5.700385,1.10481124299,-0.543601818292,0.0950239362871,0.046408964343,0.887010547133,-0.0893340235569,0.450641686418
5.800430,1.11509182619,-0.542555587146,0.0917170790659,0.0459958950221,0.885200050115,-0.08747341661,0.454591740251
5.900450,1.1245201238,-0.540160128742,0.0894453389502,0.0441300515459,0.884803700491,-0.0841033854575,0.456181510697
6.000438,1.13302587007,-0.538833618771,0.0893321233901,0.0424561455719,0.884829968129,-0.0811377840039,0.45682607545
6.100467,1.14110430128,-0.537065116703,0.0918892448903,0.0396423002912,0.884363668432,-0.0786095182777,0.458421131299
6.200597,1.14951880318,-0.531805100848,0.095167792316,0.03702039991,0.882966493658,-0.0749056078625,0.46194026776
6.300508,1.15721485325,-0.526432869752,0.0990943080958,0.0369780107382,0.880582162217,-0.070955282159,0.467089959473
6.400366,1.16231801127,-0.519226087182,0.0988108852956,0.0396844583338,0.879299771045,-0.0653121936447,0.470097196086
6.500437,1.16419195444,-0.509794186894,0.0934062732187,0.0444087089091,0.880094249448,-0.0576542860913,0.469188620874
6.600730,1.16242341676,-0.494016276554,0.0808894044642,0.0523651648909,0.884295332579,-0.0446359770572,0.46183036262
6.700355,1.15830121628,-0.476958115616,0.0669520962221,0.0672589654516,0.890262321836,-0.0271704333712,0.449634292994
6.800274,1.15299179406,-0.457395179953,0.05111605729,0.0874441840513,0.896105741956,-0.00674477685772,0.435089096502
6.900418,1.14832981828,-0.437742226504,0.0377522254034,0.108729569657,0.900061775262,0.013054629564,0.421777498264
7.000520,1.1448557814,-0.41917594154,0.0258909053176,0.128510975268,0.901948576903,0.0306229839226,0.411139789748
7.100466,1.14090993314,-0.401041148729,0.0114288466872,0.156456024002,0.901119545377,0.0538604098392,0.400754455677
7.200269,1.13757056861,-0.382109902808,-0.00298267135149,0.186074955368,0.897881683088,0.0790060767317,0.391078807914
7.300527,1.13376918598,-0.362589689774,-0.0177529331449,0.214094061518,0.893628973001,0.105586880206,0.380055788227
7.400476,1.12887223637,-0.336234850783,-0.0312970270341,0.239189831046,0.889392587696,0.137284091372,0.364584870685
7.500460,1.1201957779,-0.307899434764,-0.0448236337624,0.260784336091,0.886453898987,0.170648436188,0.342155120152
7.600395,1.10733436067,-0.276689238216,-0.0564418173104,0.275323113032,0.886430144656,0.201245834132,0.312951907359
7.700514,1.09423865364,-0.25228476154,-0.0669464620399,0.282328441694,0.888007661276,0.221253786617,0.287714800512
7.800461,1.08564503169,-0.234040630106,-0.0742097687455,0.285637124735,0.888515902992,0.233966629248,0.272416114615
7.900404,1.08057590902,-0.224323168915,-0.0790873186512,0.290842474914,0.887181402476,0.242205023741,0.263925255255
8.000438,1.07879290764,-0.211861601007,-0.0782257666906,0.304280731153,0.879907305077,0.260545309579,0.255523996482
8.100371,1.07806618813,-0.199336243904,-0.0751357577729,0.323896161388,0.868182416935,0.284801588368,0.245435577752
8.200251,1.07728952801,-0.192447546521,-0.0713105948879,0.34147086393,0.857362537944,0.30451070607,0.235797280531
8.300361,1.07831153267,-0.194720654164,-0.0685506045538,0.351246976589,0.851170466249,0.312560943195,0.233323928502
8.400546,1.07886005496,-0.202502264044,-0.0687956121761,0.354380724418,0.849921959139,0.311240268982,0.234896701761
8.500547,1.07773382832,-0.209968842293,-0.070379760243,0.357934541322,0.849531264339,0.307819537252,0.235428603882
8.600493,1.07839743574,-0.222811089254,-0.0714697810305,0.365926816602,0.846923392074,0.30076812043,0.241571667589
8.700343,1.08574050861,-0.238066176183,-0.0667843546858,0.377291249031,0.839921557072,0.291523066955,0.259224599149
8.800317,1.09033079921,-0.250334081504,-0.061767303496,0.39347879558,0.829526950409,0.288356431636,0.271864018046
8.901015,1.0871310949,-0.249322644731,-0.0588137460556,0.408067472265,0.821417006257,0.296059308581,0.266653193706
9.000721,1.08200506081,-0.246293279625,-0.0570077349862,0.424989488973,0.812145407019,0.30859884275,0.254107312713
9.100468,1.07627419174,-0.24223517702,-0.0583204671839,0.438932125301,0.804407048336,0.319804595419,0.240817172797
9.200366,1.07309253034,-0.239462447268,-0.0597874413099,0.44737906588,0.798252388397,0.330050483539,0.231758007728
9.300470,1.07119503078,-0.235029528196,-0.0585336296135,0.449570369748,0.794257409981,0.341673954214,0.22427785969
9.400341,1.06787961386,-0.230417396386,-0.0568538048426,0.450772629988,0.79050179975,0.354662410472,0.214768515485
9.500307,1.06530759142,-0.224991645258,-0.0535874919825,0.451026927851,0.786162088412,0.368788203568,0.20620170224
9.600439,1.06441150183,-0.221591221979,-0.0524783392621,0.451408888209,0.78150948262,0.380534364629,0.201659469298
9.700289,1.06644111912,-0.221878489747,-0.0533200390373,0.450310936884,0.777509303564,0.387710643931,0.205863546011
9.800447,1.07054696739,-0.221384682113,-0.055416789467,0.449689811086,0.771610527831,0.396285098306,0.212965696785
9.900327,1.07450714114,-0.21367966863,-0.0567788375482,0.446591677739,0.765119334704,0.410489145214,0.215979023748
10.000480,1.07766723574,-0.206750412852,-0.0609199710085,0.442005229693,0.761188347473,0.420644821873,0.219730768047
10.100551,1.07861430366,-0.202423290822,-0.067811436155,0.434147795174,0.761844625855,0.425524910689,0.223689535704
10.200492,1.07590952841,-0.191517347119,-0.0730999724767,0.422328183274,0.764337190562,0.434641538393,0.220259614637
10.300506,1.06869771458,-0.175057339805,-0.0751922406959,0.413918520654,0.76294624706,0.451985606824,0.205653819757
10.400484,1.05642663107,-0.154318819475,-0.0759176459353,0.404709912499,0.761560709804,0.471548309585,0.184058044475
10.500501,1.03936777909,-0.13398659509,-0.0772572350335,0.389869264967,0.764338538989,0.48776962093,0.160839519234
10.600563,1.02470700337,-0.118042232729,-0.0814779602435,0.370558437167,0.771011570353,0.496175456515,0.14845039366
10.700380,1.01190189234,-0.106398797795,-0.0895634425101,0.352221932895,0.778589449241,0.499396533097,0.142622867205
10.800437,0.996960878412,-0.0922660398198,-0.0945787437599,0.329870290996,0.785759152288,0.505425843248,0.135325026109
10.900506,0.97875147587,-0.0754456593853,-0.0937371562653,0.31265994116,0.786557075987,0.519136317085,0.11861370786
11.000571,0.961186895919,-0.0575160590471,-0.0876184498186,0.305775026048,0.779520037254,0.538202325484,0.0958561516423
11.100301,0.94390128686,-0.0431014214846,-0.084156475791,0.301659300305,0.773376281745,0.552666632608,0.0738267334759
11.200417,0.928465552021,-0.0326833125077,-0.087550056573,0.289964537832,0.77558330863,0.557060817887,0.0638305831847
11.300314,0.917758493096,-0.0290948282615,-0.0962565233741,0.279709592381,0.781084839358,0.554555930265,0.0643174771178
11.400601,0.907539083219,-0.0223504151648,-0.0996558115164,0.274729193389,0.781560207403,0.556941790759,0.0591891392839
11.500513,0.896893837479,-0.012528610067,-0.093013399909,0.273623427199,0.773899521822,0.569206204672,0.0470536584601
11.600403,0.879910240882,0.000728942662686,-0.0817194555785,0.266868725017,0.766864230058,0.583074805924,0.0269092356366
11.700503,0.861505440515,0.00974643383324,-0.077753989453,0.264991307326,0.765611785335,0.586129008854,0.00842532952726
11.800382,0.847844500035,0.0133439131741,-0.0778058992723,0.262256415449,0.771509309881,0.57963711125,0.00397197490252
11.900402,0.831798641403,0.0163157738291,-0.0824083702404,0.259400703148,0.781769801543,0.567044241727,0.00284262640189
12.000351,0.813894000053,0.0195146292426,-0.0851064922185,0.25990848433,0.789080652005,0.556596163128,0.000124881210042
12.100488,0.797111604301,0.0246142352567,-0.079896298123,0.267560016729,0.786801235206,0.556156072587,-0.00677323047895
12.200365,0.777708221699,0.0329418231472,-0.0727177379974,0.273032787335,0.781870791087,0.560229992924,-0.0165383830553
12.300628,0.758358701185,0.0397436137729,-0.0686287055954,0.271341218196,0.780580689843,0.56268628166,-0.0212574312647
12.400386,0.74226484203,0.0437162371047,-0.0678292889418,0.268848366157,0.781157016924,0.563047472134,-0.0221769034916
12.500358,0.725643034172,0.0467124067433,-0.0687690076952,0.266266823728,0.782240973461,0.562642029413,-0.0251989039231
12.600450,0.711033728622,0.0480783004509,-0.0696822434929,0.262574382724,0.784063340093,0.561734184764,-0.0274604793574
12.700369,0.695833325844,0.0481856327431,-0.0716143366371,0.26329726201,0.785041289401,0.559712261509,-0.0332702580343
12.800622,0.680998912997,0.0464154313766,-0.0743020672406,0.267139497042,0.785346228882,0.557056685476,-0.03944159058
12.900309,0.666198156303,0.0448259474982,-0.077550360244,0.274451983966,0.784093939117,0.554791560423,-0.0455974519016
13.000554,0.653625035579,0.0439512808101,-0.0782678959494,0.28425556942,0.78038385783,0.554776052532,-0.0492274032302
13.100642,0.639545407944,0.0455270513535,-0.0768299618342,0.291603362489,0.774961965836,0.55807251796,-0.0543736626643
13.200398,0.622100368472,0.0490215082425,-0.0742467093986,0.297628468681,0.769628283096,0.561322577398,-0.0632974295916
13.300596,0.603730822893,0.0532228620632,-0.0704919676133,0.300959913192,0.765340159491,0.564205637476,-0.0731407517179
13.400483,0.589843349306,0.0565983915095,-0.0642882991147,0.304410063549,0.759906511023,0.56866486581,-0.0806032140132
13.500436,0.578104805024,0.0611216662944,-0.0580589552072,0.308836006883,0.75537590046,0.571145581752,-0.0884324278838
13.600470,0.569453667535,0.0617015389269,-0.0554116746159,0.317108875183,0.753042816752,0.568963753104,-0.0929985218853
13.700295,0.565308456117,0.0614946994417,-0.051966806183,0.324346353291,0.751010107506,0.567679330324,-0.0923224753377
13.800502,0.562589019268,0.0606465642208,-0.0480030474686,0.33147890554,0.74955182397,0.565488857901,-0.0922829884458
13.900333,0.560824272198,0.0590429235124,-0.0459174449849,0.336886033112,0.750498593062,0.561064039694,-0.0920152480251
14.000493,0.559528394914,0.0564706995043,-0.0466075497796,0.338972440854,0.755809679126,0.552894754892,-0.0903150225252
14.100361,0.55707723139,0.0526548426794,-0.0506562615246,0.33920525372,0.764118045221,0.541481761602,-0.0886617768214
14.200350,0.558203041299,0.0474590192703,-0.0541118019208,0.338535485564,0.772825973611,0.530171245029,-0.0839773211729
14.300452,0.559162538552,0.0433056159978,-0.0563897230133,0.337918990667,0.779309353502,0.521600143704,-0.0801310013621
14.400519,0.560065944537,0.0406583088515,-0.0556413717419,0.338378666555,0.78165018919,0.518112259076,-0.0779906837713
14.500446,0.559459971925,0.040754030527,-0.0541466000989,0.338487161718,0.782002948442,0.517441308258,-0.0784367419463
14.600384,0.559905154113,0.04010057613,-0.0533935460226,0.337653402366,0.782898738362,0.516760717046,-0.0775764568647
14.700421,0.557916849727,0.0408888417315,-0.0545612322837,0.337886220984,0.783288855664,0.515811327223,-0.0789312673782
14.800374,0.556755632992,0.0406448480132,-0.0550901192098,0.339262537757,0.782959720456,0.515240655985,-0.0800129554436
14.900468,0.555211843013,0.0418587895915,-0.0553072592961,0.338694929119,0.783344319551,0.51483280559,-0.0812687166402
15.000424,0.55529023073,0.0398506997874,-0.0578597708044,0.339320476872,0.785426095576,0.511401849631,-0.0802222572415
15.100231,0.554773334518,0.039927558297,-0.0578412576885,0.338912429082,0.785679571455,0.511224322927,-0.0805957074507
15.200330,0.554332891026,0.0389788388121,-0.0591912185323,0.339213874307,0.786692227614,0.509484465317,-0.0804665526181
15.300391,0.554018400873,0.0385955029041,-0.0597242768681,0.338860822348,0.787328135069,0.50874130606,-0.0804365235115
15.400364,0.553172070078,0.0389377814678,-0.0599420728601,0.338290584386,0.787806049805,0.508317885475,-0.0808333824166
15.500606,0.55443571567,0.0376515105018,-0.0598404846321,0.339138425842,0.787960628669,0.507720366663,-0.0795185831099
15.600546,0.555209726615,0.03733010406,-0.0594257314945,0.33876275935,0.788096073263,0.507845400048,-0.0789773501418
15.700407,0.555688188173,0.0372482529119,-0.0586574269122,0.338471908073,0.787908470816,0.508404572237,-0.0784971336452
15.800454,0.555470084004,0.0375876220376,-0.0587822240689,0.338035147391,0.788172759065,0.508249836363,-0.0787276624379
15.900483,0.556264803262,0.0372805881194,-0.0586754866567,0.33850278589,0.787895128655,0.508466502192,-0.0780957510699
16.000284,0.555718336524,0.0374771543551,-0.0589301660224,0.337775227011,0.788379255568,0.508166254548,-0.0783141312085
16.100419,0.556332388515,0.0366742070009,-0.0587013425546,0.338205462177,0.788201900571,0.50825936745,-0.0776353314502
16.200315,0.556556404631,0.0379618406322,-0.0573494882051,0.337916411442,0.786820102616,0.51048606064,-0.0782981921236
16.300497,0.556961165825,0.0382882923348,-0.0565634292327,0.337538806788,0.786563081671,0.511166237934,-0.0780714394703
16.400479,0.557116958941,0.0384677414412,-0.0564507704804,0.33783465069,0.786343193851,0.511301482146,-0.0781212175584
16.500460,0.557475261984,0.0385100228693,-0.0565505048413,0.336945515156,0.786804633151,0.511255569295,-0.0776139931493
16.600484,0.558029286351,0.0376154189849,-0.0568256737398,0.337761241279,0.786654449697,0.511001059257,-0.0772660216354
16.700402,0.557931536779,0.0384692929419,-0.0566836759475,0.337659504503,0.786404585281,0.511401674483,-0.0776029290922
16.800526,0.558584809736,0.0375260735337,-0.0568130739355,0.337227485214,0.786852679673,0.511128889945,-0.0767316204122
16.900528,0.558468186313,0.0379430301161,-0.0569342410659,0.337246974655,0.78674789984,0.511241288177,-0.0769711988131
17.000463,0.559278793057,0.0381525777876,-0.0557517875805,0.337183215311,0.785686341284,0.512954500162,-0.0766950663036
17.100473,0.558680041546,0.0380807151037,-0.0563097537527,0.337682501121,0.785802092968,0.512388321238,-0.0770960918798
17.200248,0.558748654742,0.0387067525965,-0.0561141739784,0.336486251408,0.786087290827,0.512756169506,-0.0769732709939
17.300415,0.559230213766,0.0385370521125,-0.0558648293542,0.337283034273,0.785559134605,0.513054155258,-0.0768923572447
17.400531,0.559535461124,0.0387058261996,-0.0556032909629,0.336935700758,0.785590666843,0.513267627158,-0.0766679896351
17.500535,0.559360681835,0.0390985547122,-0.0553096443866,0.33662847087,0.785415186524,0.513709629745,-0.0768548871799
17.600436,0.558676828594,0.0394087805901,-0.0553005698262,0.336762001812,0.785364560727,0.513591669541,-0.0775722751192
17.700509,0.559075633905,0.0391774435177,-0.055427258509,0.336707491124,0.785374117561,0.513669822835,-0.0771937432325
17.800549,0.558618860727,0.0392096429733,-0.0559317506771,0.336792520347,0.78545924432,0.513448340846,-0.0774298071302
17.900550,0.558746217211,0.0402357714143,-0.0547195322432,0.336329681057,0.784953023492,0.514488041952,-0.0776733624841
