time,left_s0,left_s1,left_e0,left_e1,left_w0,left_w1,left_w2,right_s0,right_s1,right_e0,right_e1,right_w0,right_w1,right_w2,
0,0.331457,-0.651743,-0.0380608,0.338167,0.935567,0.101521,0.00711084
0.0251256,0.333494,-0.650722,-0.038914,0.338377,0.935334,0.102885,0.00846988
0.0502513,0.328206,-0.653618,-0.0373024,0.339163,0.935431,0.0996835,0.00490274
0.0753769,0.317402,-0.659457,-0.0338305,0.340374,0.935779,0.093044,-0.00237727
0.100503,0.303165,-0.667122,-0.0291955,0.341835,0.936289,0.084265,-0.0119688
0.125628,0.287515,-0.675529,-0.024072,0.343374,0.936876,0.0746025,-0.0225155
0.150754,0.271933,-0.683884,-0.0189562,0.344868,0.937474,0.0649803,-0.0330206
0.175879,0.257243,-0.691743,-0.0141234,0.34625,0.938048,0.0559125,-0.0429324
0.201005,0.2438,-0.698911,-0.00969317,0.347494,0.938579,0.0476221,-0.0520132
0.226131,0.231721,-0.705327,-0.00570588,0.348593,0.939061,0.0401835,-0.0601839
0.251256,0.221033,-0.71098,-0.00217177,0.349551,0.93949,0.0336112,-0.0674248
0.276382,0.211735,-0.715881,0.000907888,0.350372,0.939867,0.0279008,-0.0737328
0.301508,0.203805,-0.72005,0.00353899,0.351063,0.940192,0.0230344,-0.0791183
0.326633,0.19719,-0.723522,0.0057391,0.351634,0.940466,0.0189763,-0.0836142
0.351759,0.191811,-0.726343,0.00753741,0.352094,0.940691,0.0156731,-0.0872734
0.376884,0.187574,-0.728567,0.00897128,0.352456,0.940869,0.0130593,-0.0901561
0.40201,0.184391,-0.730259,0.0100837,0.352734,0.941003,0.0110601,-0.0923176
0.427136,0.182183,-0.731492,0.0109221,0.352944,0.941096,0.00959283,-0.0937991
0.452261,0.180885,-0.732346,0.011536,0.353104,0.941151,0.00857063,-0.0946291
0.477387,0.180443,-0.732891,0.0119717,0.353221,0.941175,0.00790949,-0.0948322
0.502513,0.180812,-0.733187,0.0122698,0.353294,0.941175,0.00752999,-0.0944332
0.527638,0.181978,-0.733285,0.0124696,0.353297,0.941164,0.0073438,-0.0934463
0.552764,0.183986,-0.733242,0.0126197,0.353165,0.941171,0.00722512,-0.0918499
0.577889,0.186988,-0.733138,0.0127907,0.352777,0.941244,0.00697447,-0.0895547
0.603015,0.191262,-0.733084,0.0130817,0.351941,0.941456,0.00630281,-0.0863895
0.628141,0.197147,-0.733205,0.0136043,0.350438,0.941892,0.00488172,-0.0821425
0.653266,0.204907,-0.733599,0.0144485,0.348096,0.942616,0.00245056,-0.0766494
0.678392,0.214647,-0.73431,0.0156605,0.344844,0.943649,-0.00111079,-0.0698508
0.703518,0.22633,-0.735333,0.0172485,0.34071,0.944967,-0.00579141,-0.0617769
0.728643,0.239864,-0.736624,0.0192021,0.335787,0.946505,-0.0114975,-0.0524945
0.753769,0.255173,-0.738114,0.0215112,0.330214,0.948161,-0.0180939,-0.0420582
0.778894,0.272233,-0.739722,0.0241745,0.324153,0.949799,-0.0254283,-0.0304878
0.80402,0.291047,-0.741359,0.0271944,0.317766,0.951276,-0.0333464,-0.0177881
0.829146,0.31158,-0.742948,0.0305643,0.31119,0.952479,-0.0417005,-0.00399532
0.854271,0.333726,-0.744423,0.0342598,0.304509,0.953353,-0.050347,0.0107915
0.879397,0.357318,-0.745723,0.0382403,0.297754,0.953892,-0.0591322,0.0264072
0.904523,0.382171,-0.746771,0.0424538,0.290895,0.954132,-0.067867,0.0426247
0.929648,0.408118,-0.747456,0.0468407,0.283835,0.95414,-0.0763007,0.0591557
0.954774,0.435016,-0.747632,0.0513373,0.276419,0.954004,-0.0841245,0.0756644
0.979899,0.462744,-0.74715,0.0558804,0.268482,0.953814,-0.0910288,0.0918192
1.00503,0.491172,-0.745903,0.0604144,0.259905,0.95364,-0.0967887,0.107363
1.03015,0.520155,-0.743849,0.0648907,0.250655,0.953522,-0.101309,0.122147
1.05528,0.549531,-0.741,0.0692624,0.24077,0.953466,-0.104613,0.136129
1.0804,0.579129,-0.737397,0.0734733,0.230333,0.953452,-0.106811,0.149344
1.10553,0.608776,-0.733085,0.0774488,0.219449,0.953438,-0.108075,0.16189
1.13065,0.638305,-0.728108,0.0810978,0.208236,0.953365,-0.108615,0.173908
1.15578,0.66756,-0.722504,0.0843327,0.196804,0.95317,-0.108644,0.185551
1.1809,0.696412,-0.716317,0.0870968,0.185257,0.9528,-0.108343,0.196952
1.20603,0.72476,-0.709593,0.0893804,0.173685,0.952212,-0.107845,0.208216
1.23116,0.752535,-0.702375,0.0912213,0.162173,0.951366,-0.107249,0.219448
1.25628,0.779691,-0.694693,0.0927013,0.150804,0.950198,-0.106646,0.230788
1.28141,0.806205,-0.686558,0.0939434,0.139673,0.948614,-0.10614,0.242444
1.30653,0.832069,-0.677959,0.0950985,0.128883,0.946484,-0.105846,0.254689
1.33166,0.857281,-0.668887,0.0963147,0.11853,0.943685,-0.105873,0.267781
1.35678,0.881829,-0.659356,0.0976989,0.108693,0.940146,-0.106288,0.281879
1.38191,0.905682,-0.649422,0.099296,0.0994223,0.935874,-0.107094,0.296977
1.40704,0.928779,-0.63919,0.101088,0.0907531,0.930958,-0.108228,0.312905
1.43216,0.951017,-0.628819,0.103,0.0827215,0.92556,-0.109564,0.329337
1.45729,0.972251,-0.618527,0.104904,0.0753779,0.919914,-0.110912,0.345798
1.48241,0.992295,-0.608577,0.106639,0.0687891,0.914299,-0.112037,0.361712
1.50754,1.01097,-0.599219,0.108039,0.0630224,0.908994,-0.112704,0.376506
1.53266,1.02814,-0.590632,0.108973,0.0581251,0.904216,-0.112727,0.389741
1.55779,1.04375,-0.58288,0.109363,0.0541169,0.900091,-0.111993,0.401172
1.58291,1.05782,-0.575907,0.109176,0.051003,0.896663,-0.11045,0.410733
1.60804,1.07038,-0.569546,0.108393,0.0487967,0.893926,-0.108067,0.418473
1.63317,1.08151,-0.563526,0.106996,0.0475386,0.891842,-0.104808,0.424508
1.65829,1.09126,-0.557498,0.104951,0.0473003,0.890363,-0.10062,0.428983
1.68342,1.09971,-0.551104,0.102227,0.0481629,0.889432,-0.0954418,0.43205
1.70854,1.10691,-0.54405,0.098804,0.0501869,0.888991,-0.0892356,0.433851
1.73367,1.11295,-0.536156,0.0946855,0.0534009,0.888973,-0.08199,0.434504
1.75879,1.11789,-0.527337,0.0898877,0.0578208,0.889306,-0.0737049,0.434101
1.78392,1.12181,-0.517557,0.0844214,0.0634881,0.889901,-0.0643578,0.432691
1.80905,1.12475,-0.506787,0.0782752,0.0705041,0.890653,-0.0538747,0.430277
1.83417,1.12677,-0.494985,0.0714123,0.0790328,0.891439,-0.042126,0.42682
1.8593,1.1279,-0.482108,0.0637893,0.089253,0.892137,-0.0289664,0.422261
1.88442,1.12817,-0.468143,0.0553892,0.101277,0.892643,-0.0143021,0.416567
1.90955,1.12765,-0.453136,0.0462481,0.115085,0.89289,0.00185913,0.409749
1.93467,1.12638,-0.437195,0.0364644,0.130512,0.892846,0.0193986,0.401867
1.9598,1.12444,-0.420479,0.026199,0.147253,0.892504,0.0381027,0.393017
1.98492,1.1219,-0.403187,0.0156722,0.164879,0.891867,0.0576827,0.38331
2.01005,1.11884,-0.385549,0.00515415,0.182863,0.890945,0.0777963,0.372863
2.03518,1.11532,-0.367803,-0.00506724,0.200649,0.88975,0.0980828,0.361794
2.0603,1.11142,-0.350176,-0.0147354,0.217743,0.888292,0.118209,0.350224
2.08543,1.10721,-0.332875,-0.0236656,0.233797,0.886585,0.137903,0.338287
2.11055,1.10277,-0.316089,-0.0317525,0.248633,0.884646,0.156953,0.326141
2.13568,1.09821,-0.300032,-0.0389513,0.26222,0.882483,0.175179,0.313988
2.1608,1.09366,-0.284969,-0.0452506,0.274638,0.880102,0.192397,0.302093
2.18593,1.08928,-0.271244,-0.0506512,0.286049,0.877495,0.208395,0.290794
2.21106,1.08525,-0.259246,-0.0551583,0.296655,0.874648,0.22294,0.280469
2.23618,1.08174,-0.249328,-0.0587853,0.306662,0.871545,0.235833,0.271463
2.26131,1.07887,-0.241711,-0.0615627,0.316242,0.868179,0.246962,0.264006
2.28643,1.07668,-0.23643,-0.0635437,0.325519,0.864555,0.256343,0.25817
2.31156,1.07514,-0.233338,-0.0648035,0.334567,0.860685,0.264117,0.253861
2.33668,1.07415,-0.232128,-0.0654365,0.343433,0.856583,0.27055,0.250845
2.36181,1.07357,-0.232362,-0.0655533,0.352143,0.852261,0.276014,0.248764
2.38693,1.07323,-0.233514,-0.0652747,0.360713,0.847722,0.280958,0.24718
2.41206,1.07293,-0.235042,-0.0647214,0.369152,0.842973,0.285846,0.245638
2.43719,1.07253,-0.236475,-0.0640013,0.377457,0.838022,0.291074,0.243754
2.46231,1.07192,-0.237475,-0.0632012,0.3856,0.832889,0.296908,0.241282
2.48744,1.07106,-0.237846,-0.0623878,0.39353,0.827608,0.303478,0.238123
2.51256,1.06997,-0.237506,-0.0616156,0.401155,0.822227,0.310804,0.234319
2.53769,1.06869,-0.236446,-0.0609367,0.408339,0.816806,0.318828,0.230021
2.56281,1.06733,-0.234703,-0.0604059,0.414896,0.811416,0.327445,0.225465
2.58794,1.06599,-0.232335,-0.06008,0.420614,0.806136,0.336529,0.220932
2.61307,1.06479,-0.229403,-0.0600095,0.425292,0.801041,0.345951,0.216682
2.63819,1.06377,-0.225961,-0.0602281,0.428781,0.796193,0.355601,0.212905
2.66332,1.06295,-0.222044,-0.0607486,0.431,0.791642,0.365389,0.20968
2.68844,1.06226,-0.217657,-0.0615648,0.431921,0.78743,0.375256,0.206966
2.71357,1.06156,-0.212765,-0.062657,0.431545,0.783599,0.385171,0.204605
2.73869,1.06062,-0.207285,-0.0639977,0.429872,0.780204,0.395126,0.20233
2.76382,1.05916,-0.20109,-0.0655553,0.426891,0.777308,0.405136,0.199788
2.78894,1.05689,-0.19404,-0.0672969,0.422588,0.77498,0.415224,0.196599
2.81407,1.05352,-0.186018,-0.0691889,0.416969,0.77327,0.425411,0.192431
2.8392,1.04889,-0.176974,-0.0711972,0.410086,0.772196,0.435697,0.187064
2.86432,1.04295,-0.166938,-0.0732857,0.402048,0.771733,0.446061,0.180414
2.88945,1.03573,-0.156014,-0.0754133,0.393019,0.771816,0.456459,0.172518
2.91457,1.02733,-0.144367,-0.0775312,0.383215,0.772344,0.466825,0.163507
2.9397,1.0179,-0.132211,-0.0795812,0.372895,0.773184,0.477076,0.153576
2.96482,1.00762,-0.119786,-0.0814976,0.362346,0.774181,0.487116,0.142955
2.98995,0.996646,-0.107338,-0.0832151,0.351853,0.775183,0.496848,0.131886
3.01508,0.985142,-0.0950778,-0.0846801,0.341664,0.776058,0.506185,0.120586
3.0402,0.973239,-0.0831702,-0.085858,0.331967,0.77672,0.515055,0.109236
3.06533,0.961036,-0.0717241,-0.0867344,0.322886,0.777131,0.523403,0.0979738
3.09045,0.9486,-0.0608045,-0.0873109,0.314495,0.777296,0.531174,0.0869036
3.11558,0.935962,-0.0504466,-0.0875994,0.30684,0.777259,0.538309,0.0761086
3.1407,0.923127,-0.0406683,-0.0876171,0.299953,0.777095,0.54473,0.0656612
3.16583,0.910072,-0.0314776,-0.0873836,0.293863,0.776895,0.550349,0.055627
3.19095,0.896768,-0.0228762,-0.0869198,0.288592,0.776753,0.555081,0.0460625
3.21608,0.883195,-0.0148591,-0.0862491,0.284143,0.776747,0.558867,0.0370088
3.24121,0.869353,-0.00741513,-0.0853979,0.280504,0.776928,0.561694,0.0284868
3.26633,0.855266,-0.000528889,-0.0843974,0.277636,0.777314,0.563596,0.0204965
3.29146,0.840974,0.00581618,-0.0832851,0.275488,0.777889,0.564653,0.0130198
3.31658,0.82653,0.0116342,-0.0821059,0.273997,0.778614,0.564983,0.00602451
3.34171,0.811989,0.0169344,-0.0809124,0.273093,0.779427,0.564731,-0.000531973
3.36683,0.797407,0.0217218,-0.0797622,0.272706,0.780252,0.56406,-0.00669878
3.39196,0.782838,0.0260009,-0.0787106,0.27277,0.781011,0.563132,-0.0125265
3.41709,0.768331,0.0297811,-0.0778007,0.273222,0.781634,0.562093,-0.0180619
3.44221,0.753936,0.0330815,-0.0770556,0.274013,0.782072,0.561052,-0.023345
3.46734,0.739699,0.0359328,-0.0764747,0.275101,0.782292,0.560083,-0.0284085
3.49246,0.725666,0.0383776,-0.0760326,0.276461,0.782279,0.559229,-0.0332799
3.51759,0.711884,0.0404694,-0.0756798,0.27808,0.782027,0.558512,-0.037985
3.54271,0.698401,0.0422712,-0.075345,0.279958,0.781534,0.557935,-0.0425497
3.56784,0.685267,0.0438519,-0.0749404,0.282108,0.780797,0.557495,-0.0470009
3.59296,0.672532,0.0452804,-0.0743747,0.284547,0.779817,0.55718,-0.0513636
3.61809,0.660238,0.0466165,-0.0735699,0.287284,0.778602,0.556975,-0.0556566
3.64322,0.648425,0.0479033,-0.0724755,0.290318,0.777171,0.556856,-0.0598871
3.66834,0.637127,0.0491629,-0.0710765,0.293625,0.775559,0.556794,-0.0640472
3.69347,0.62638,0.0503956,-0.0693935,0.297163,0.773818,0.556745,-0.0681115
3.71859,0.616227,0.05158,-0.0674793,0.300868,0.772025,0.556651,-0.0720345
3.74372,0.606725,0.0526748,-0.065415,0.304658,0.770279,0.556433,-0.0757501
3.76884,0.597948,0.053622,-0.0633033,0.308435,0.768701,0.555996,-0.0791739
3.79397,0.589977,0.0543553,-0.0612577,0.312095,0.767422,0.555232,-0.0822121
3.8191,0.582884,0.0548118,-0.0593862,0.31554,0.766564,0.554046,-0.0847779
3.84422,0.576715,0.0549454,-0.0577753,0.318691,0.766215,0.552368,-0.0868084
3.86935,0.571482,0.0547352,-0.0564804,0.321498,0.766422,0.550171,-0.0882755
3.89447,0.567155,0.0541866,-0.0555244,0.323941,0.767183,0.547472,-0.0891876
3.9196,0.563671,0.0533295,-0.0549027,0.326023,0.768453,0.544326,-0.089586
3.94472,0.560944,0.0522143,-0.0545895,0.327765,0.770153,0.540828,-0.0895389
3.96985,0.558863,0.0509074,-0.0545438,0.3292,0.772176,0.537096,-0.0891356
3.99497,0.55731,0.0494861,-0.0547153,0.33037,0.774396,0.533271,-0.0884786
4.0201,0.556162,0.0480298,-0.0550504,0.33132,0.776684,0.529496,-0.0876733
4.04523,0.555308,0.0466105,-0.0554983,0.332091,0.778921,0.5259,-0.0868158
4.07035,0.554655,0.0452847,-0.0560156,0.33272,0.781014,0.522583,-0.0859824
4.09548,0.554136,0.0440898,-0.0565678,0.333237,0.782902,0.51961,-0.0852251
4.1206,0.553703,0.0430448,-0.0571293,0.333664,0.784551,0.51701,-0.0845728
4.14573,0.553329,0.0421543,-0.0576803,0.334018,0.785951,0.514788,-0.0840351
4.17085,0.553001,0.0414118,-0.058205,0.334313,0.78711,0.512929,-0.083607
4.19598,0.552716,0.0408039,-0.0586891,0.334557,0.788045,0.511404,-0.083273
4.22111,0.552479,0.0403124,-0.0591197,0.334759,0.788781,0.510181,-0.0830114
4.24623,0.552295,0.0399179,-0.0594853,0.334924,0.789344,0.509221,-0.0827981
4.27136,0.552174,0.0396017,-0.0597771,0.335059,0.789763,0.508489,-0.0826102
4.29648,0.552119,0.0393473,-0.0599905,0.335167,0.790061,0.507951,-0.0824297
4.32161,0.552132,0.0391419,-0.060125,0.335253,0.790257,0.50758,-0.0822436
4.34673,0.552211,0.0389753,-0.0601837,0.335319,0.790371,0.507349,-0.0820448
4.37186,0.552351,0.0388402,-0.0601734,0.335369,0.790414,0.507237,-0.0818302
4.39698,0.552545,0.038731,-0.0601027,0.335405,0.7904,0.507224,-0.0816001
4.42211,0.552785,0.0386435,-0.0599823,0.335431,0.79034,0.507293,-0.081357
4.44724,0.55306,0.0385746,-0.0598235,0.335449,0.790242,0.507428,-0.0811049
4.47236,0.553363,0.0385217,-0.0596373,0.335461,0.790114,0.507613,-0.0808481
4.49749,0.553684,0.038483,-0.0594338,0.335469,0.789964,0.507836,-0.0805909
4.52261,0.554016,0.0384572,-0.0592205,0.335476,0.789798,0.508086,-0.080337
4.54774,0.554356,0.0384436,-0.0590021,0.33548,0.789619,0.508358,-0.080089
4.57286,0.554698,0.0384425,-0.0587803,0.335483,0.78943,0.508645,-0.0798486
4.59799,0.555042,0.0384549,-0.0585539,0.335483,0.789234,0.508947,-0.0796164
4.62312,0.555388,0.0384831,-0.0583185,0.335478,0.789029,0.509265,-0.0793925
4.64824,0.555737,0.0385306,-0.0580667,0.335464,0.788816,0.509601,-0.0791765
4.67337,0.556093,0.0386021,-0.0577884,0.335439,0.788591,0.509963,-0.0789671
4.69849,0.556459,0.0387031,-0.0574715,0.335396,0.788354,0.510356,-0.0787628
4.72362,0.556841,0.0388391,-0.0571032,0.335331,0.788099,0.510789,-0.0785611
4.74874,0.557247,0.0390156,-0.0566699,0.33524,0.787825,0.511273,-0.0783588
4.77387,0.557685,0.0392381,-0.0561562,0.335115,0.787527,0.511816,-0.0781511
4.79899,0.55817,0.0395128,-0.0555427,0.334951,0.787198,0.512435,-0.0779308
4.82412,0.558723,0.039849,-0.0548018,0.334738,0.78683,0.51315,-0.0776872
4.84925,0.559376,0.0402599,-0.0538929,0.33446,0.78641,0.513993,-0.0774044
4.87437,0.560171,0.0407649,-0.0527589,0.334098,0.78592,0.515009,-0.0770607
4.8995,0.561167,0.0413895,-0.0513257,0.333625,0.785336,0.516257,-0.076628
4.92462,0.562427,0.0421634,-0.0495075,0.33301,0.784628,0.517804,-0.0760743
4.94975,0.564018,0.0431164,-0.0472183,0.332223,0.78377,0.519718,-0.0753674
4.97487,0.565995,0.0442736,-0.0443852,0.331237,0.782738,0.522057,-0.0744796
5,0.568399,0.0456514,-0.0409581,0.330035,0.781514,0.52486,-0.0733914
