time,right_s0,right_s1,right_e0,right_e1,right_w0,right_w1,right_w2
0.056575,0.718733891946,-0.536224791599,0.909388030822,0.240890210349,0.121808111085,0.957776168246,-0.098992434924
0.102120,0.717810312349,-0.536267552609,0.910155205955,0.24023548281,0.122332234056,0.95789275298,-0.0988089626399
0.200374,0.717613397442,-0.535606948048,0.910951615382,0.240089764541,0.122597066455,0.957912900555,-0.0986394404353
0.300354,0.716961640813,-0.535556818895,0.911692395768,0.239421270352,0.122903684855,0.958113283109,-0.0979340404697
0.400389,0.716690946517,-0.53486509132,0.912052934651,0.23934304623,0.123346274884,0.958015795729,-0.0985207482079
0.500359,0.716909784391,-0.534300672719,0.912086695593,0.239359845825,0.123643441512,0.95792785638,-0.0989615357074
0.600513,0.716495495717,-0.533996474993,0.912598907616,0.239093894947,0.124174859076,0.958015962234,-0.0980822607682
0.700355,0.715869837595,-0.535539413721,0.912630110524,0.238961016924,0.123440629416,0.958193877913,-0.0975937279269
0.800450,0.715901428353,-0.535791356504,0.912489977788,0.239178569987,0.1235659565,0.958188672833,-0.0969511903335
0.900306,0.716534867322,-0.535249315719,0.912254722403,0.239471947987,0.123631130763,0.958059111985,-0.0974231367593
1.000348,0.716066220825,-0.535314315303,0.912318906262,0.239230541589,0.123969128578,0.958071059642,-0.097469214664
1.100455,0.715249140646,-0.535800740404,0.913102765557,0.238770733212,0.123682499325,0.958240681283,-0.0972932323275
1.200372,0.715787217961,-0.536149027175,0.912324289736,0.239467361868,0.123692667249,0.958123324093,-0.0967222957587
1.300265,0.715064445897,-0.535792908759,0.913438095086,0.238816794001,0.123833216407,0.958286691957,-0.0965323232653
1.400446,0.714962054869,-0.53644647025,0.912913081836,0.238988213255,0.123916884274,0.958248576528,-0.0963789671039
1.500320,0.712863515874,-0.539056019848,0.91392224481,0.238197465334,0.123011208551,0.958711203524,-0.0948843417937
1.600435,0.713168278298,-0.537284402148,0.914235233419,0.238165758971,0.124079830661,0.958531128174,-0.0953904775084
1.700456,0.711695142381,-0.538526718812,0.914688572295,0.237142311203,0.123622121622,0.958883657195,-0.0949906692685
1.800365,0.708588249937,-0.538961337728,0.916393030114,0.235585815749,0.124363984132,0.959257853981,-0.0941131895348
1.900435,0.699296900236,-0.535516059274,0.919340961037,0.230713954569,0.127308715141,0.960283538331,-0.0917555896201
2.000241,0.680865073796,-0.526108333031,0.924518070932,0.22135972664,0.137961658454,0.961593871937,-0.0854615566919
2.100449,0.657776482552,-0.514276515164,0.932401785527,0.209507475593,0.150729262549,0.963172567423,-0.0754049895333
2.200540,0.631796138586,-0.504810146537,0.941227379753,0.196505872085,0.159992875012,0.965269330787,-0.0635833407712
2.300447,0.607092296445,-0.493459089113,0.949574650667,0.1843128711,0.167745334322,0.967055217363,-0.051908332002
2.400517,0.582721765703,-0.48018720125,0.957400758872,0.17234680482,0.173107451288,0.96890249077,-0.0394759744293
2.500251,0.561035436694,-0.467180107959,0.963539765977,0.162324196582,0.174861664718,0.970685287927,-0.0290572747677
2.600359,0.540201598004,-0.455561303371,0.970928999421,0.152669589231,0.172570140771,0.972938486106,-0.0173852032351
2.700478,0.523870593125,-0.449761759342,0.980552958338,0.144499481608,0.162772157077,0.976019931341,-0.00319661074721
2.800322,0.511782441948,-0.445304177203,0.994775360266,0.137383100643,0.153225625165,0.978572788923,0.00656416249472
2.900417,0.50742327879,-0.432970551128,1.01107790527,0.134409285644,0.158408482442,0.978098940285,0.012781222018
3.000288,0.507316702202,-0.416065486747,1.02724327853,0.133960327901,0.174884667189,0.9753239063,0.0146034766322
3.100504,0.511701806376,-0.404383869664,1.04339073132,0.136011700308,0.18870117873,0.972361418369,0.0201483148843
3.200401,0.518162399976,-0.402473174307,1.05824384669,0.139851898427,0.19069926364,0.971434369778,0.0197611378205
3.300505,0.525201822914,-0.404791490411,1.06898228941,0.145894828625,0.188990715654,0.971039474842,0.00891889431255
3.400289,0.533872824125,-0.412986875683,1.07262206674,0.153133580357,0.185919360584,0.970558084422,0.00105009026168
3.500524,0.540704504014,-0.416844446025,1.06767470635,0.158102174005,0.188553769421,0.969252677371,0.000652702880433
3.600445,0.543212796334,-0.423569919808,1.05748409289,0.1610762058,0.18604378676,0.969244766286,-0.00259776056189
3.700504,0.545053705365,-0.435492871476,1.04060615631,0.163077006633,0.174168667789,0.971108125647,-0.00449147754665
3.800361,0.541918693497,-0.453166086666,1.0220260975,0.16235008323,0.151497955176,0.975004685149,-0.00752887706857
3.900471,0.537356383425,-0.468949673308,0.999986523142,0.160559496906,0.126795213639,0.97883616086,-0.00483652198398
4.000319,0.532793566398,-0.474775372014,0.973770683137,0.15919896543,0.115553310859,0.980460663233,-9.80187490401e-05
4.100419,0.527973474976,-0.47655215402,0.947970944626,0.158572633794,0.108301894792,0.98137722566,0.0049153180212
4.200408,0.523332398134,-0.481124242873,0.924475856417,0.1589548847,0.0980192341377,0.982364350077,0.00926596279907
4.300490,0.518786144094,-0.48747298588,0.902377076984,0.160780966246,0.0856670927297,0.983240541059,0.00697628362717
4.400387,0.516597737505,-0.493813885474,0.880465617351,0.164969161977,0.0743417225842,0.983492553592,0.000938567994962
4.500362,0.515821611843,-0.496554960591,0.859412970776,0.170189434555,0.0693738706894,0.982957023545,-0.00427928670252
4.600298,0.514943423654,-0.499413204361,0.841733659702,0.175134661336,0.0676070317281,0.982179584214,-0.00896682844683
4.700444,0.514024198897,-0.504955050489,0.828258467542,0.178933297405,0.0638872186926,0.981722885736,-0.0110215239636
4.800305,0.513966961656,-0.513346838892,0.820493678907,0.181608853156,0.055750013649,0.981723445265,-0.0113682650355
4.900439,0.514656803597,-0.518783024567,0.817264274574,0.183084084554,0.0505544915595,0.981740142881,-0.010523935697
5.000259,0.513972606864,-0.520036911669,0.817800302234,0.18282771653,0.0500153992934,0.98182801274,-0.00928651173836
5.100406,0.512742763248,-0.518477334046,0.818261285215,0.182065549539,0.0517644625,0.981884225695,-0.00871455246904
5.200383,0.5120023642,-0.517972786259,0.817398063201,0.181801735799,0.0510837579027,0.98196594498,-0.00902559903582
5.300335,0.512132012207,-0.519647709211,0.815858923319,0.182287936948,0.0487586513639,0.98198938461,-0.00951580130637
5.400731,0.512807617081,-0.521118706988,0.814257649283,0.183264803586,0.0474781516933,0.981872676583,-0.00926735445177
5.500301,0.514635508025,-0.522762703319,0.812641892526,0.184669255463,0.0452789870053,0.981706524253,-0.00996893481573
5.600472,0.515059623853,-0.52370823065,0.811373514794,0.185377448069,0.044281251788,0.981616682793,-0.0101518742433
5.700490,0.51519743889,-0.524373389631,0.810922575546,0.185576420167,0.0433417445576,0.981620022519,-0.0102477727392
5.800509,0.51527306725,-0.523521683673,0.810875628286,0.185590841908,0.0440061462814,0.981583610377,-0.0106355220332
5.900458,0.514333406859,-0.523740895624,0.811458136791,0.184937807624,0.0441334073346,0.981706583493,-0.010120948335
6.000391,0.514483208514,-0.52317036896,0.811593014555,0.184880995487,0.0443126127938,0.981708926803,-0.0101485412539
6.100426,0.514810185796,-0.523042339054,0.811418982992,0.185137488104,0.0444476148823,0.981650820211,-0.0104970095619
6.200386,0.514536432457,-0.5233198198,0.81124020215,0.185122394835,0.044334901271,0.981661348384,-0.0102524410624
6.300385,0.514537974379,-0.523467244175,0.811349493268,0.185158718164,0.0441641603992,0.981663559678,-0.0101208510092
6.400376,0.514625963571,-0.522912150528,0.811230220792,0.185148484425,0.0443989611156,0.98164851631,-0.0107220050909
6.500530,0.51444814837,-0.523029943893,0.811470713412,0.185055501918,0.0447403337727,0.98165847412,-0.00997015207505
6.600514,0.514609902777,-0.521845748713,0.811689517442,0.184961339258,0.0454302216818,0.981636248688,-0.0107551475633
6.700401,0.514697890458,-0.520832521774,0.812341397318,0.184604003331,0.0462148564313,0.981662441457,-0.0111534761769
6.800474,0.514592972006,-0.520230794783,0.812728777232,0.184391991988,0.0468185460323,0.98167515548,-0.0110229828823
6.900470,0.514820413154,-0.521674857795,0.812187263974,0.185030654442,0.0462551181912,0.981588433167,-0.0104052308828
7.000309,0.515262228506,-0.521828663407,0.811990330941,0.185204792504,0.0457981684891,0.981570919595,-0.0109655096943
7.100343,0.515481660966,-0.522796538519,0.812117514582,0.185381444536,0.0453017195467,0.981569829801,-0.0101066043933
7.200460,0.516085300114,-0.522330122994,0.811720509851,0.185634878747,0.0454671266447,0.981504330078,-0.0110309666801
7.300469,0.51597190769,-0.52249260692,0.812423907114,0.185486026775,0.0456229310249,0.981530998813,-0.0105062079102
7.400445,0.515286446832,-0.520516742502,0.81375128735,0.184583984948,0.0475347803622,0.981609457628,-0.0105863049168
7.500307,0.514366815169,-0.519811907928,0.814788045374,0.18377654391,0.0485384181107,0.981719152918,-0.00988476958833
7.600412,0.514033785982,-0.518848747887,0.815210233457,0.183448260454,0.0494411048151,0.9817330178,-0.010128901812
