time,left_s0,left_s1,left_e0,left_e1,left_w0,left_w1,left_w2,right_s0,right_s1,right_e0,right_e1,right_w0,right_w1,right_w2,
0,0.580934,-0.816825,-0.0179078,0.409879,0.911575,-0.0062648,0.0314891
0.0251256,0.579929,-0.817576,-0.0169985,0.410269,0.911423,-0.0067484,0.03105
0.0502513,0.577167,-0.819631,-0.0145006,0.411337,0.911003,-0.00807006,0.029843
0.0753769,0.573093,-0.822649,-0.0108268,0.412907,0.910383,-0.0100082,0.0280625
0.100503,0.568227,-0.826243,-0.00646327,0.414783,0.909641,-0.0123124,0.0259338
0.125628,0.56307,-0.830039,-0.00188324,0.416775,0.908856,-0.014742,0.0236748
0.150754,0.557991,-0.833761,0.00256993,0.418743,0.908084,-0.0171183,0.0214457
0.175879,0.553194,-0.837251,0.00671381,0.420604,0.907355,-0.0193388,0.0193353
0.201005,0.548766,-0.840438,0.0104773,0.422319,0.90668,-0.0213558,0.0173832
0.226131,0.544744,-0.843294,0.0138412,0.42387,0.906065,-0.0231513,0.0156052
0.251256,0.54115,-0.845811,0.0167991,0.425249,0.905512,-0.0247207,0.0140115
0.276382,0.538009,-0.847986,0.0193434,0.426452,0.905029,-0.0260657,0.0126119
0.301508,0.535337,-0.849823,0.0214715,0.427477,0.90462,-0.0271909,0.0114134
0.326633,0.533132,-0.85133,0.0231965,0.428326,0.904285,-0.0281034,0.0104147
0.351759,0.531369,-0.852522,0.0245475,0.429006,0.90402,-0.0288125,0.00960553
0.376884,0.530009,-0.853421,0.0255624,0.429526,0.903817,-0.0293309,0.00896986
0.40201,0.529008,-0.854054,0.0262796,0.429899,0.903668,-0.0296763,0.00848859
0.427136,0.52832,-0.854454,0.0267338,0.430147,0.903567,-0.0298727,0.00814113
0.452261,0.527899,-0.854661,0.0269546,0.430291,0.903508,-0.0299473,0.00790715
0.477387,0.527704,-0.854708,0.0269701,0.430352,0.903485,-0.0299221,0.00776907
0.502513,0.527704,-0.854614,0.0268085,0.430348,0.903491,-0.0298058,0.00771477
0.527638,0.527879,-0.854386,0.0264988,0.430293,0.903516,-0.0295883,0.00773991
0.552764,0.528224,-0.854016,0.026068,0.430209,0.903544,-0.0292361,0.00785137
0.577889,0.528758,-0.85348,0.02554,0.430131,0.903556,-0.0286831,0.0080724
0.603015,0.529525,-0.852737,0.0249344,0.43011,0.903522,-0.0278265,0.00844547
0.628141,0.530584,-0.851736,0.0242678,0.43021,0.90341,-0.026543,0.00902585
0.653266,0.531994,-0.850431,0.023557,0.430481,0.903188,-0.0247204,0.00986889
0.678392,0.533807,-0.848781,0.0228219,0.43095,0.902831,-0.0222686,0.01103
0.703518,0.536099,-0.846737,0.0220883,0.431626,0.902302,-0.0190872,0.0125909
0.728643,0.539023,-0.844209,0.021391,0.432513,0.901545,-0.0149986,0.0147089
0.753769,0.542861,-0.841032,0.0207783,0.433629,0.900456,-0.00967653,0.0176723
0.778894,0.548044,-0.836957,0.0203124,0.435012,0.898882,-0.00263029,0.0219095
0.80402,0.555042,-0.831713,0.0200604,0.436701,0.896654,0.00667929,0.0278896
0.829146,0.564189,-0.825113,0.0200792,0.438715,0.893646,0.0186402,0.0359526
0.854271,0.575578,-0.817118,0.0204106,0.441036,0.889799,0.0333731,0.0462105
0.879397,0.589075,-0.807832,0.0210939,0.443599,0.885108,0.0507596,0.0585685
0.904523,0.604382,-0.79748,0.0221886,0.44629,0.879583,0.0705277,0.072794
0.929648,0.621076,-0.786393,0.0237963,0.448943,0.873211,0.0923226,0.0885733
0.954774,0.638662,-0.774974,0.0260621,0.451345,0.865944,0.115754,0.105551
0.979899,0.656639,-0.763634,0.0291385,0.45328,0.85773,0.140436,0.123373
1.00503,0.674586,-0.752699,0.0331315,0.454584,0.848549,0.166024,0.141725
1.03015,0.692204,-0.742368,0.0380752,0.455181,0.838437,0.192225,0.160348
1.05528,0.70928,-0.732731,0.0439474,0.455065,0.827477,0.21879,0.17902
1.0804,0.725643,-0.723813,0.0507015,0.454281,0.815776,0.245482,0.197519
1.10553,0.741109,-0.715604,0.0582933,0.452905,0.80345,0.272064,0.215597
1.13065,0.755472,-0.708088,0.0666903,0.451024,0.790607,0.298286,0.232972
1.15578,0.768536,-0.701236,0.0758593,0.448731,0.77735,0.323918,0.249375
1.1809,0.780165,-0.695012,0.0857436,0.44611,0.763769,0.348788,0.264602
1.20603,0.790305,-0.689363,0.0962442,0.443233,0.749938,0.3728,0.278544
1.23116,0.798962,-0.684215,0.10721,0.440169,0.735912,0.395932,0.291158
1.25628,0.806167,-0.679474,0.118426,0.436992,0.721714,0.418223,0.302433
1.28141,0.811944,-0.675023,0.129604,0.43379,0.707332,0.439766,0.312355
1.30653,0.816302,-0.670723,0.140404,0.430663,0.69272,0.46069,0.320897
1.33166,0.819252,-0.666443,0.150496,0.42771,0.677825,0.481126,0.328038
1.35678,0.820837,-0.662084,0.159652,0.424997,0.66262,0.501171,0.333796
1.38191,0.821152,-0.657596,0.16779,0.422555,0.647117,0.520866,0.338246
1.40704,0.820344,-0.652979,0.174977,0.420376,0.631357,0.540194,0.34153
1.43216,0.818615,-0.648269,0.181419,0.41842,0.615398,0.559092,0.343849
1.45729,0.816221,-0.643537,0.18745,0.416628,0.599301,0.577449,0.345468
1.48241,0.813456,-0.638876,0.19349,0.414922,0.583121,0.595126,0.346699
1.50754,0.810607,-0.63438,0.199966,0.413227,0.566916,0.611982,0.347843
1.53266,0.807906,-0.630123,0.207207,0.411478,0.550749,0.627908,0.349138
1.55779,0.805505,-0.62615,0.215401,0.409635,0.534703,0.642841,0.350722
1.58291,0.803485,-0.622477,0.224609,0.407672,0.51889,0.656755,0.352641
1.60804,0.801893,-0.619105,0.234817,0.405577,0.503468,0.669637,0.354874
1.63317,0.800762,-0.616032,0.245982,0.403336,0.488647,0.68147,0.357356
1.65829,0.800126,-0.613253,0.258052,0.400937,0.474685,0.692227,0.359996
1.68342,0.800011,-0.610766,0.270965,0.398371,0.461837,0.701882,0.362693
1.70854,0.800425,-0.608561,0.28463,0.39564,0.450296,0.710428,0.365363
1.73367,0.801341,-0.606626,0.298902,0.392761,0.440156,0.717891,0.367939
1.75879,0.802697,-0.604941,0.313566,0.389775,0.431417,0.724324,0.370377
1.78392,0.804401,-0.603487,0.328313,0.386749,0.424011,0.729798,0.372642
1.80905,0.806327,-0.602248,0.342723,0.383782,0.417825,0.734396,0.374702
1.83417,0.808329,-0.601212,0.356278,0.381,0.412727,0.738201,0.376528
1.8593,0.810259,-0.600368,0.368446,0.378533,0.408579,0.741295,0.378089
1.88442,0.811993,-0.599702,0.378801,0.376484,0.40525,0.743756,0.379364
1.90955,0.813452,-0.599194,0.38711,0.374907,0.40263,0.745656,0.380349
1.93467,0.814605,-0.598816,0.393345,0.373801,0.400629,0.747064,0.381053
1.9598,0.815461,-0.598531,0.397642,0.373124,0.399172,0.748045,0.381498
1.98492,0.816062,-0.59829,0.400262,0.372794,0.398198,0.748667,0.381718
2.01005,0.81647,-0.598037,0.401542,0.372711,0.397657,0.748994,0.381754
2.03518,0.816759,-0.597714,0.401853,0.372763,0.397503,0.749093,0.381651
2.0603,0.816997,-0.597267,0.401537,0.372849,0.397694,0.749021,0.38145
2.08543,0.817234,-0.596665,0.400864,0.372894,0.39819,0.748826,0.381182
2.11055,0.817498,-0.595892,0.40002,0.372851,0.398949,0.748546,0.380868
2.13568,0.817797,-0.594953,0.399118,0.372699,0.399927,0.748209,0.380519
2.1608,0.818128,-0.593867,0.398223,0.372437,0.401072,0.747842,0.380143
2.18593,0.818481,-0.592664,0.397368,0.372078,0.402325,0.74747,0.379742
2.21106,0.818843,-0.591382,0.396569,0.371642,0.403626,0.747118,0.379319
2.23618,0.819197,-0.590057,0.395834,0.371151,0.404915,0.746809,0.378876
2.26131,0.81953,-0.588721,0.395166,0.370624,0.406148,0.746558,0.378415
2.28643,0.819829,-0.587399,0.39457,0.370076,0.407295,0.746372,0.377938
2.31156,0.820082,-0.586109,0.394053,0.369514,0.40834,0.746252,0.37745
2.33668,0.820278,-0.584873,0.393629,0.368947,0.409276,0.746192,0.376957
2.36181,0.820402,-0.583712,0.393317,0.368382,0.410099,0.746182,0.37647
2.38693,0.820442,-0.582657,0.393147,0.367826,0.410805,0.746208,0.376007
2.41206,0.820381,-0.581734,0.393154,0.367288,0.41139,0.74626,0.375582
2.43719,0.820206,-0.580964,0.393383,0.366771,0.411842,0.746332,0.375211
2.46231,0.819903,-0.580355,0.393895,0.366272,0.412148,0.746428,0.374901
2.48744,0.819457,-0.579897,0.394779,0.36578,0.412274,0.746565,0.374659
2.51256,0.818846,-0.579566,0.396181,0.365272,0.412166,0.746782,0.374484
2.53769,0.818039,-0.579328,0.398326,0.364716,0.411732,0.74714,0.37438
2.56281,0.81699,-0.579137,0.401522,0.364068,0.410846,0.747727,0.374353
2.58794,0.815646,-0.578945,0.406129,0.363276,0.409357,0.748643,0.374411
2.61307,0.813955,-0.578706,0.412479,0.362286,0.407129,0.74998,0.374566
2.63819,0.811877,-0.578381,0.42079,0.361047,0.404078,0.751802,0.374829
2.66332,0.809382,-0.577944,0.431123,0.359508,0.400193,0.754127,0.375214
2.68844,0.80645,-0.577379,0.443392,0.357605,0.395536,0.756931,0.375744
2.71357,0.803051,-0.576677,0.457391,0.355251,0.390235,0.760157,0.376458
2.73869,0.79914,-0.575831,0.472836,0.352315,0.384469,0.763722,0.377418
2.76382,0.794651,-0.574834,0.489389,0.34863,0.378454,0.767524,0.378705
2.78894,0.789514,-0.573678,0.5067,0.344016,0.372425,0.771453,0.380409
2.81407,0.78367,-0.572352,0.52444,0.338326,0.366598,0.775405,0.382606
2.8392,0.777099,-0.570843,0.542325,0.331484,0.361159,0.779282,0.38534
2.86432,0.769821,-0.569125,0.560122,0.323494,0.356264,0.78299,0.388614
2.88945,0.761892,-0.567157,0.577634,0.314441,0.352057,0.786431,0.392402
2.91457,0.753394,-0.564871,0.594673,0.304462,0.348706,0.789481,0.396655
2.9397,0.744423,-0.562166,0.61105,0.293739,0.346417,0.791984,0.401312
2.96482,0.735086,-0.558916,0.626563,0.282475,0.345434,0.793759,0.406308
2.98995,0.725485,-0.554993,0.641024,0.270873,0.345999,0.794628,0.411569
3.01508,0.715718,-0.550294,0.654283,0.259118,0.348295,0.794455,0.417013
3.0402,0.705871,-0.544763,0.666253,0.247357,0.352402,0.793187,0.422542
3.06533,0.696019,-0.538399,0.676911,0.235701,0.358291,0.79086,0.428025
3.09045,0.686231,-0.531241,0.686285,0.224227,0.365834,0.787594,0.433283
3.11558,0.676576,-0.523353,0.69444,0.212993,0.374835,0.78359,0.438075
3.1407,0.667121,-0.514814,0.701458,0.202039,0.385049,0.779107,0.442085
3.16583,0.657936,-0.505704,0.707432,0.191395,0.396209,0.774447,0.444945
3.19095,0.649084,-0.496107,0.712457,0.181084,0.408049,0.769907,0.446288
3.21608,0.640603,-0.486102,0.716622,0.171113,0.420333,0.765738,0.44582
3.24121,0.632505,-0.47577,0.720018,0.161476,0.43287,0.762113,0.443365
3.26633,0.624761,-0.465189,0.722726,0.152146,0.445521,0.759117,0.438867
3.29146,0.617299,-0.454441,0.724826,0.143072,0.458191,0.75676,0.432368
3.31658,0.61,-0.443609,0.726392,0.134175,0.470825,0.75499,0.423963
3.34171,0.6027,-0.432778,0.727499,0.125347,0.483398,0.753713,0.413769
3.36683,0.595198,-0.422035,0.728216,0.116457,0.495905,0.75281,0.401912
3.39196,0.587294,-0.41146,0.72861,0.107372,0.508348,0.752154,0.388516
3.41709,0.57882,-0.401117,0.72874,0.0979839,0.520724,0.751632,0.373718
3.44221,0.569669,-0.391047,0.728658,0.0882226,0.533012,0.751159,0.35767
3.46734,0.559804,-0.381267,0.728408,0.0780648,0.545161,0.750684,0.340549
3.49246,0.549244,-0.371761,0.728032,0.0675242,0.557089,0.750188,0.322549
3.51759,0.538046,-0.362489,0.727568,0.0566391,0.568677,0.749681,0.303887
3.54271,0.526293,-0.353383,0.727056,0.045462,0.579763,0.749193,0.284791
3.56784,0.514075,-0.344354,0.726536,0.0340508,0.590157,0.74877,0.265503
3.59296,0.501488,-0.335306,0.72605,0.022465,0.599662,0.748466,0.246255
3.61809,0.488626,-0.326154,0.72563,0.0107628,0.608108,0.748327,0.227256
3.64322,0.47558,-0.316834,0.725302,-0.000998597,0.615385,0.748384,0.20867
3.66834,0.462438,-0.307313,0.725082,-0.0127636,0.621451,0.74865,0.190617
3.69347,0.44929,-0.297585,0.724978,-0.0244766,0.626329,0.749117,0.173172
3.71859,0.436227,-0.287655,0.724991,-0.0360815,0.630093,0.749759,0.156379
3.74372,0.423347,-0.277537,0.72512,-0.04752,0.632853,0.750539,0.140258
3.76884,0.410755,-0.267247,0.725363,-0.0587314,0.634741,0.751406,0.124819
3.79397,0.398559,-0.256795,0.725717,-0.069655,0.635902,0.752307,0.110059
3.8191,0.386857,-0.246195,0.726178,-0.080233,0.636475,0.753189,0.0959742
3.84422,0.375733,-0.235464,0.726738,-0.0904138,0.636588,0.754008,0.0825576
3.86935,0.365247,-0.224622,0.727383,-0.100152,0.636352,0.754733,0.0698033
3.89447,0.355443,-0.213696,0.728092,-0.109405,0.635856,0.755348,0.0577103
3.9196,0.346355,-0.202713,0.728839,-0.118123,0.635179,0.755845,0.0462864
3.94472,0.338019,-0.191695,0.729584,-0.126243,0.634392,0.756225,0.0355528
3.96985,0.33048,-0.180662,0.730281,-0.133684,0.633567,0.756494,0.0255461
3.99497,0.323793,-0.169628,0.730875,-0.140347,0.632772,0.75666,0.0163159
4.0201,0.318013,-0.158605,0.731309,-0.146135,0.632074,0.756732,0.00791505
4.04523,0.313181,-0.147607,0.731534,-0.150965,0.63153,0.75672,0.000386309
4.07035,0.309309,-0.136659,0.731517,-0.154796,0.63118,0.756633,-0.00625001
4.09548,0.306377,-0.125795,0.731241,-0.157633,0.631046,0.756478,-0.0120013
4.1206,0.304328,-0.115071,0.730708,-0.159526,0.631132,0.75626,-0.0169007
4.14573,0.303078,-0.104557,0.729932,-0.16057,0.631432,0.755982,-0.0210014
4.17085,0.302518,-0.0943506,0.728936,-0.16089,0.63193,0.755645,-0.0243704
4.19598,0.302524,-0.0845673,0.727752,-0.160636,0.632602,0.755246,-0.0270829
4.22111,0.302964,-0.0753387,0.726411,-0.159975,0.633424,0.75478,-0.0292174
4.24623,0.303703,-0.0667942,0.724947,-0.159072,0.63437,0.754242,-0.0308515
4.27136,0.304625,-0.0590414,0.723393,-0.158071,0.635415,0.753628,-0.0320582
4.29648,0.305634,-0.0521499,0.721777,-0.15709,0.636536,0.75294,-0.0329028
4.32161,0.306658,-0.0461451,0.720126,-0.156206,0.63771,0.752183,-0.0334429
4.34673,0.30765,-0.0410122,0.718464,-0.155464,0.638915,0.751368,-0.0337293
4.37186,0.308581,-0.0367045,0.716816,-0.154884,0.640131,0.75051,-0.0338081
4.39698,0.309434,-0.0331518,0.715206,-0.154464,0.641332,0.74963,-0.0337229
4.42211,0.310198,-0.030269,0.713664,-0.154189,0.642494,0.748754,-0.0335165
4.44724,0.310871,-0.0279626,0.712218,-0.154037,0.643588,0.747908,-0.0332305
4.47236,0.311449,-0.0261383,0.710898,-0.153981,0.644589,0.747121,-0.0329039
4.49749,0.311936,-0.0247084,0.709726,-0.153994,0.645473,0.746417,-0.0325703
4.52261,0.312333,-0.0235965,0.708717,-0.154053,0.646227,0.745811,-0.032256
4.54774,0.312647,-0.0227399,0.707877,-0.154141,0.646845,0.745312,-0.0319793
4.57286,0.312885,-0.0220881,0.707199,-0.154244,0.64733,0.74492,-0.0317513
4.59799,0.313055,-0.0216007,0.706671,-0.15435,0.647695,0.744627,-0.0315779
4.62312,0.313168,-0.0212438,0.706272,-0.154454,0.647955,0.74442,-0.0314617
4.64824,0.313234,-0.0209882,0.705977,-0.154546,0.648133,0.744282,-0.0314034
4.67337,0.313263,-0.0208073,0.705755,-0.154623,0.648256,0.744191,-0.0314034
4.69849,0.313267,-0.0206764,0.705571,-0.154677,0.648353,0.744123,-0.0314623
4.72362,0.313256,-0.0205735,0.705394,-0.154704,0.648452,0.744055,-0.0315822
4.74874,0.313236,-0.0204784,0.705189,-0.154699,0.648582,0.743964,-0.0317675
4.77387,0.31321,-0.0203727,0.704923,-0.154657,0.648771,0.743827,-0.0320272
4.79899,0.313179,-0.0202377,0.704557,-0.154573,0.649048,0.743617,-0.0323769
4.82412,0.313136,-0.0200515,0.704044,-0.154441,0.649452,0.743304,-0.0328433
4.84925,0.313071,-0.0197865,0.703318,-0.154249,0.650033,0.742842,-0.0334677
4.87437,0.312971,-0.0194066,0.702289,-0.153983,0.650862,0.742175,-0.0343094
4.8995,0.312814,-0.0188668,0.700847,-0.153623,0.652025,0.741227,-0.0354458
4.92462,0.312577,-0.018116,0.698864,-0.153146,0.653621,0.739915,-0.0369665
4.94975,0.312237,-0.0171033,0.69621,-0.152529,0.655751,0.738154,-0.0389618
4.97487,0.311773,-0.0157851,0.692778,-0.151753,0.658499,0.735872,-0.0415085
5,0.311173,-0.0141308,0.688491,-0.150802,0.661925,0.73302,-0.0446606
