time,left_s0,left_s1,left_e0,left_e1,left_w0,left_w1,left_w2,right_s0,right_s1,right_e0,right_e1,right_w0,right_w1,right_w2,
0,1.10478,-0.0268552,0.677482,-0.159625,0.334891,-0.140988,0.917873
0.0201005,1.10421,-0.0285768,0.67982,-0.158917,0.33359,-0.141937,0.918327
0.040201,1.10461,-0.0267858,0.677343,-0.159994,0.33462,-0.141251,0.917876
0.0603015,1.10576,-0.0222756,0.671139,-0.162446,0.337456,-0.139292,0.916725
0.080402,1.10742,-0.0159421,0.662441,-0.165811,0.341505,-0.136475,0.915106
0.100503,1.10935,-0.00864821,0.652436,-0.169645,0.346197,-0.133199,0.913244
0.120603,1.11137,-0.00104104,0.642015,-0.173614,0.351104,-0.129761,0.911304
0.140704,1.11338,0.00649508,0.631702,-0.177521,0.355971,-0.126338,0.909387
0.160804,1.11532,0.0137579,0.621771,-0.181263,0.360664,-0.123023,0.907543
0.180905,1.11715,0.0206287,0.612383,-0.184779,0.365104,-0.119872,0.905804
0.201005,1.11885,0.0270077,0.603677,-0.188024,0.369224,-0.116933,0.904193
0.221106,1.12039,0.0327927,0.5958,-0.190948,0.372952,-0.11426,0.90274
0.241206,1.12174,0.0378981,0.588874,-0.193513,0.37623,-0.111898,0.901465
0.261307,1.12288,0.0422833,0.582955,-0.195702,0.379028,-0.109868,0.900379
0.281407,1.12383,0.0459545,0.578033,-0.197518,0.381352,-0.108167,0.89948
0.301508,1.12458,0.0489489,0.574046,-0.198982,0.383228,-0.106778,0.898757
0.321608,1.12516,0.0513191,0.570915,-0.200124,0.384695,-0.105675,0.898193
0.341709,1.12559,0.053124,0.568549,-0.200978,0.385796,-0.104834,0.897772
0.361809,1.12589,0.0544232,0.566857,-0.20158,0.386575,-0.10423,0.897476
0.38191,1.12608,0.0552725,0.565754,-0.201966,0.387072,-0.103842,0.897287
0.40201,1.12618,0.0557217,0.565167,-0.202161,0.387325,-0.103646,0.897191
0.422111,1.12619,0.0558145,0.565033,-0.20219,0.387361,-0.103621,0.897176
0.442211,1.12613,0.0555904,0.565298,-0.202068,0.387207,-0.103745,0.897234
0.462312,1.12601,0.0550866,0.565918,-0.201815,0.386885,-0.104,0.897355
0.482412,1.12583,0.0543396,0.566854,-0.201446,0.386416,-0.104369,0.897531
0.502513,1.1256,0.053384,0.568075,-0.200979,0.385818,-0.104836,0.897756
0.522613,1.12532,0.0522504,0.569549,-0.200428,0.385109,-0.105386,0.898025
0.542714,1.12501,0.0509641,0.571248,-0.199805,0.384303,-0.106008,0.89833
0.562814,1.12467,0.0495455,0.573144,-0.199118,0.383413,-0.106688,0.898669
0.582915,1.12429,0.0480117,0.57521,-0.19837,0.382448,-0.107416,0.899037
0.603015,1.12388,0.0463777,0.577424,-0.197567,0.381417,-0.108183,0.899432
0.623116,1.12345,0.0446577,0.579767,-0.196711,0.380327,-0.10898,0.899853
0.643216,1.123,0.0428645,0.582223,-0.195805,0.379183,-0.109801,0.900299
0.663317,1.12252,0.0410092,0.584777,-0.194852,0.37799,-0.110641,0.900769
0.683417,1.12201,0.0391013,0.587412,-0.193855,0.376755,-0.111493,0.90126
0.703518,1.12149,0.0371481,0.590115,-0.192818,0.375482,-0.112354,0.901771
0.723618,1.12096,0.0351557,0.59287,-0.191746,0.374177,-0.113219,0.902298
0.743719,1.1204,0.0331285,0.595667,-0.190645,0.372843,-0.114089,0.90284
0.763819,1.11984,0.0310696,0.598496,-0.189522,0.371482,-0.114966,0.903393
0.78392,1.11927,0.0289806,0.601353,-0.188384,0.370096,-0.115851,0.903958
0.80402,1.11868,0.0268606,0.604235,-0.187233,0.368684,-0.116747,0.904532
0.824121,1.11808,0.0247046,0.607144,-0.186063,0.367243,-0.117652,0.905119
0.844221,1.11747,0.0224988,0.610095,-0.184855,0.365763,-0.118565,0.905724
0.864322,1.11683,0.0202147,0.613122,-0.183574,0.364223,-0.119483,0.906359
0.884422,1.11615,0.0178035,0.616286,-0.18216,0.362584,-0.120404,0.907048
0.904523,1.1154,0.0151976,0.619674,-0.180531,0.360797,-0.121328,0.90782
0.924623,1.11455,0.0123261,0.623373,-0.178603,0.358811,-0.122252,0.908707
0.944724,1.11359,0.00913343,0.627446,-0.176309,0.35659,-0.123169,0.909731
0.964824,1.11252,0.00558425,0.631914,-0.173604,0.354129,-0.12406,0.9109
0.984925,1.11133,0.00164939,0.636768,-0.17045,0.351447,-0.124889,0.912215
1.00503,1.11003,-0.00271748,0.641985,-0.166787,0.348579,-0.125597,0.913672
1.02513,1.10864,-0.00759924,0.64754,-0.162511,0.345579,-0.126087,0.915268
1.04523,1.10717,-0.0131137,0.653414,-0.157479,0.342505,-0.126237,0.917004
1.06533,1.10562,-0.0193815,0.659589,-0.151545,0.339414,-0.125927,0.918882
1.08543,1.10399,-0.0264844,0.666037,-0.144611,0.336346,-0.125075,0.920899
1.10553,1.10229,-0.0344492,0.672716,-0.136648,0.333317,-0.123655,0.923043
1.12563,1.10051,-0.0432656,0.679568,-0.127677,0.330312,-0.121693,0.925298
1.14573,1.0986,-0.0529198,0.686517,-0.117733,0.327281,-0.119255,0.927641
1.16583,1.09653,-0.0634215,0.693474,-0.106833,0.324136,-0.11643,0.930045
1.18593,1.0942,-0.0748102,0.700333,-0.0949708,0.320764,-0.113327,0.932483
1.20603,1.09155,-0.0871313,0.706991,-0.0821335,0.317049,-0.110051,0.934924
1.22613,1.08853,-0.100403,0.713355,-0.0683281,0.312921,-0.106693,0.937337
1.24623,1.08515,-0.114603,0.719353,-0.0535937,0.308373,-0.103326,0.939684
1.26633,1.08144,-0.129681,0.724908,-0.0379859,0.30347,-0.1,0.941915
1.28643,1.07751,-0.145593,0.729926,-0.0215486,0.298349,-0.0967648,0.943954
1.30653,1.07347,-0.162321,0.73427,-0.00429073,0.293214,-0.093667,0.945689
1.32663,1.06948,-0.179878,0.737765,0.0138149,0.288317,-0.0907593,0.94698
1.34673,1.06572,-0.198282,0.740237,0.0328017,0.283915,-0.0880908,0.947682
1.36683,1.06229,-0.217516,0.741562,0.052662,0.280204,-0.0856949,0.947694
1.38693,1.05928,-0.237498,0.741705,0.0733137,0.277284,-0.0835822,0.946978
1.40704,1.05669,-0.258071,0.74071,0.0945898,0.275155,-0.0817387,0.945559
1.42714,1.0545,-0.279003,0.738687,0.116239,0.27374,-0.0801293,0.943514
1.44724,1.05265,-0.299994,0.735785,0.137928,0.272899,-0.0786995,0.940958
1.46734,1.05107,-0.320686,0.732184,0.159259,0.272449,-0.0773812,0.938027
1.48744,1.04966,-0.340716,0.728064,0.179824,0.272198,-0.0761023,0.934865
1.50754,1.04835,-0.359774,0.723591,0.19928,0.271973,-0.074801,0.931601
1.52764,1.04709,-0.377647,0.718904,0.217398,0.271653,-0.0734339,0.928336
1.54774,1.04583,-0.394212,0.714116,0.234057,0.271158,-0.0719757,0.925148
1.56784,1.04456,-0.409408,0.709327,0.249211,0.270439,-0.0704125,0.922101
1.58794,1.04326,-0.423188,0.704644,0.262848,0.269459,-0.0687343,0.91926
1.60804,1.04193,-0.435506,0.700179,0.274961,0.268185,-0.0669309,0.916698
1.62814,1.04055,-0.446306,0.696051,0.285543,0.266584,-0.0649926,0.91449
1.64824,1.03911,-0.455548,0.692365,0.29459,0.264636,-0.0629147,0.9127
1.66834,1.03764,-0.463216,0.6892,0.302107,0.262343,-0.060704,0.91137
1.68844,1.03613,-0.469309,0.686613,0.308095,0.259736,-0.058381,0.910522
1.70854,1.03463,-0.473818,0.684655,0.312519,0.256875,-0.055982,0.910165
1.72864,1.03317,-0.476689,0.683395,0.315278,0.253846,-0.0535598,0.910313
1.74874,1.03184,-0.477808,0.682928,0.316184,0.250761,-0.0511827,0.910988
1.76884,1.03068,-0.477013,0.683374,0.31499,0.247744,-0.0489279,0.912223
1.78894,1.02979,-0.474154,0.684837,0.311464,0.244914,-0.0468672,0.914045
1.80905,1.0292,-0.469151,0.687373,0.305474,0.242359,-0.0450521,0.916457
1.82915,1.02893,-0.462027,0.690964,0.29703,0.240125,-0.0435057,0.91943
1.84925,1.02898,-0.452888,0.695523,0.286269,0.238221,-0.0422233,0.922902
1.86935,1.0293,-0.441894,0.700906,0.273416,0.236626,-0.0411771,0.926778
1.88945,1.02985,-0.429226,0.706919,0.258753,0.235295,-0.0403207,0.93094
1.90955,1.03056,-0.415064,0.71334,0.242582,0.234168,-0.0395956,0.935251
1.92965,1.03138,-0.39958,0.719943,0.225206,0.233183,-0.0389403,0.939572
1.94975,1.03223,-0.382941,0.726524,0.206903,0.232283,-0.0383009,0.943782
1.96985,1.03309,-0.365312,0.732925,0.187914,0.231427,-0.0376392,0.947789
1.98995,1.0339,-0.346851,0.739032,0.168439,0.230589,-0.0369333,0.951534
2.01005,1.03465,-0.32771,0.744756,0.148647,0.229758,-0.0361755,0.954976
2.03015,1.03532,-0.308024,0.75002,0.128673,0.228932,-0.0353673,0.958087
2.05025,1.03588,-0.287912,0.754742,0.108633,0.228118,-0.0345166,0.960838
2.07035,1.03632,-0.267475,0.758836,0.0886234,0.227326,-0.0336342,0.963201
2.09045,1.03661,-0.246803,0.762226,0.0687219,0.226563,-0.032732,0.965152
2.11055,1.03673,-0.22598,0.764856,0.04899,0.225832,-0.0318207,0.966681
2.13065,1.03668,-0.20508,0.7667,0.029469,0.225125,-0.0309093,0.967788
2.15075,1.03644,-0.184173,0.767748,0.0101759,0.224421,-0.0300052,0.968484
2.17085,1.03599,-0.163312,0.767992,-0.0089037,0.223681,-0.0291146,0.968784
2.19095,1.03529,-0.142535,0.767409,-0.0278196,0.222847,-0.0282428,0.968703
2.21106,1.03431,-0.121863,0.76596,-0.0466534,0.221846,-0.0273945,0.96825
2.23116,1.033,-0.101308,0.763597,-0.0655002,0.220595,-0.0265727,0.967432
2.25126,1.03131,-0.0808833,0.760283,-0.0844393,0.219026,-0.025777,0.966259
2.27136,1.02923,-0.0606204,0.756016,-0.10351,0.217093,-0.0250011,0.964748
2.29146,1.02674,-0.0405713,0.750825,-0.122699,0.214777,-0.0242298,0.962921
2.31156,1.02385,-0.020813,0.744766,-0.14195,0.212084,-0.0234353,0.960808
2.33166,1.02058,-0.00144778,0.737908,-0.161166,0.209032,-0.0225731,0.95844
2.35176,1.01692,0.0173983,0.730323,-0.180223,0.205644,-0.0215807,0.95585
2.37186,1.01289,0.0355824,0.722076,-0.198981,0.201945,-0.0203818,0.953069
2.39196,1.00849,0.0529611,0.713235,-0.217297,0.19796,-0.0189001,0.950127
2.41206,1.00372,0.0694102,0.703873,-0.235038,0.193719,-0.0170775,0.947056
2.43216,0.998612,0.0848369,0.69408,-0.252095,0.189259,-0.0148893,0.94389
2.45226,0.993226,0.0991774,0.68397,-0.268369,0.184624,-0.0123499,0.940668
2.47236,0.987629,0.112383,0.673687,-0.283767,0.17987,-0.00951136,0.937441
2.49246,0.981921,0.124403,0.663411,-0.298179,0.175065,-0.00646051,0.934269
2.51256,0.976221,0.13517,0.653361,-0.311471,0.170288,-0.00331318,0.931228
2.53266,0.970661,0.144603,0.643784,-0.323485,0.165625,-0.000203968,0.928402
2.55276,0.965376,0.152619,0.634923,-0.334065,0.161161,0.00273165,0.925877
2.57286,0.960478,0.159155,0.626984,-0.343082,0.156969,0.00537774,0.923725
2.59296,0.95605,0.164179,0.620114,-0.350451,0.153104,0.00765112,0.921995
2.61307,0.952147,0.167684,0.614404,-0.356127,0.149603,0.00950238,0.920719
2.63317,0.948803,0.169671,0.609912,-0.360077,0.146493,0.0109074,0.919916
2.65327,0.946045,0.170124,0.606683,-0.362249,0.143799,0.0118559,0.919605
2.67337,0.943904,0.168993,0.604778,-0.362556,0.141549,0.0123424,0.919811
2.69347,0.942414,0.166201,0.604269,-0.360879,0.139778,0.0123619,0.920567
2.71357,0.941609,0.161663,0.605225,-0.357092,0.138519,0.0119118,0.921904
2.73367,0.941507,0.155327,0.607679,-0.351119,0.137791,0.0109974,0.923838
2.75377,0.942098,0.147197,0.611607,-0.342965,0.137596,0.00963627,0.926359
2.77387,0.943348,0.137343,0.616917,-0.332726,0.137912,0.00785924,0.929425
2.79397,0.945192,0.125882,0.623452,-0.320578,0.138697,0.00570852,0.932968
2.81407,0.947548,0.112961,0.631002,-0.306759,0.139896,0.00323481,0.936891
2.83417,0.950315,0.0987372,0.639309,-0.291543,0.141438,0.000494467,0.941075
2.85427,0.953382,0.083369,0.648089,-0.275228,0.14325,-0.00245321,0.945388
2.87437,0.956639,0.0670073,0.657052,-0.258108,0.145255,-0.00554905,0.949692
2.89447,0.959985,0.0497958,0.665936,-0.24045,0.147385,-0.00873714,0.953867
2.91457,0.963334,0.031872,0.67453,-0.222478,0.149582,-0.0119666,0.957817
2.93467,0.966624,0.0133668,0.682685,-0.204363,0.151799,-0.015191,0.961478
2.95477,0.969809,-0.00559696,0.690303,-0.186223,0.154004,-0.0183648,0.964812
2.97487,0.972856,-0.0249062,0.697322,-0.168129,0.15617,-0.0214394,0.967804
2.99497,0.975736,-0.0444595,0.703699,-0.15011,0.158277,-0.0243591,0.970448
3.01508,0.978426,-0.0641669,0.709401,-0.132162,0.160308,-0.0270597,0.972743
3.03518,0.980903,-0.0839491,0.714398,-0.11426,0.162247,-0.0294737,0.974695
3.05528,0.983149,-0.103734,0.71867,-0.0963748,0.164079,-0.0315393,0.976309
3.07538,0.985152,-0.123452,0.722212,-0.0784868,0.165796,-0.0332112,0.977594
3.09548,0.986908,-0.143034,0.725037,-0.0605979,0.16739,-0.0344668,0.978567
3.11558,0.988421,-0.162407,0.727176,-0.0427332,0.168856,-0.0353063,0.979245
3.13568,0.989698,-0.181491,0.728672,-0.0249381,0.170192,-0.0357487,0.979647
3.15578,0.990751,-0.200196,0.729577,-0.00727391,0.171394,-0.0358268,0.979794
3.17588,0.991594,-0.218422,0.729945,0.0101866,0.172456,-0.0355822,0.979702
3.19598,0.992237,-0.236061,0.729833,0.0273639,0.17337,-0.0350613,0.979388
3.21608,0.992694,-0.253004,0.729294,0.0441772,0.174128,-0.034312,0.978866
3.23618,0.992977,-0.269157,0.728381,0.0605505,0.174724,-0.0333797,0.97815
3.25628,0.993099,-0.284446,0.727145,0.0764156,0.175158,-0.0323059,0.977259
3.27638,0.993077,-0.298824,0.725638,0.0917114,0.175434,-0.0311267,0.976214
3.29648,0.992928,-0.312261,0.723913,0.106378,0.175563,-0.0298746,0.97504
3.31658,0.992672,-0.324737,0.722027,0.120347,0.175562,-0.0285798,0.973769
3.33668,0.992332,-0.33623,0.720041,0.133534,0.175451,-0.0272723,0.972436
3.35678,0.991932,-0.346708,0.718026,0.145837,0.175253,-0.0259831,0.971084
3.37688,0.991498,-0.356136,0.716051,0.157135,0.174995,-0.0247441,0.969757
3.39698,0.991056,-0.364476,0.714188,0.167314,0.174702,-0.0235851,0.968499
3.41709,0.990626,-0.371707,0.712494,0.176281,0.174396,-0.0225308,0.967348
3.43719,0.990226,-0.377834,0.71101,0.18399,0.174097,-0.021598,0.966329
3.45729,0.989868,-0.382893,0.709758,0.190446,0.173819,-0.0207946,0.965458
3.47739,0.989559,-0.386949,0.708738,0.195701,0.17357,-0.0201201,0.964737
3.49749,0.989302,-0.390089,0.707937,0.199846,0.173361,-0.0195673,0.96416
3.51759,0.9891,-0.392418,0.707329,0.203,0.173196,-0.0191241,0.963713
3.53769,0.988953,-0.394055,0.706878,0.205304,0.173083,-0.0187744,0.963378
3.55779,0.988863,-0.395122,0.706542,0.20691,0.173029,-0.0185004,0.963135
3.57789,0.98883,-0.395742,0.706281,0.207967,0.17304,-0.0182837,0.962961
3.59799,0.988853,-0.396024,0.706057,0.208613,0.173121,-0.0181074,0.962836
3.61809,0.98893,-0.39606,0.705838,0.208962,0.173273,-0.0179576,0.962744
3.63819,0.989057,-0.395922,0.705606,0.209107,0.173494,-0.0178236,0.962672
3.65829,0.989229,-0.395665,0.70535,0.209111,0.173778,-0.0176982,0.962612
3.67839,0.98944,-0.395325,0.705065,0.209024,0.174116,-0.0175762,0.962557
3.69849,0.989681,-0.394931,0.704757,0.208878,0.174496,-0.0174547,0.962505
3.71859,0.989943,-0.394502,0.704432,0.208701,0.174905,-0.0173318,0.962453
3.73869,0.990218,-0.394054,0.704101,0.20851,0.175325,-0.0172062,0.962402
3.75879,0.990494,-0.3936,0.703779,0.208323,0.175742,-0.017078,0.962351
3.77889,0.990763,-0.39315,0.703475,0.208153,0.17614,-0.0169481,0.962301
3.79899,0.991018,-0.392719,0.703199,0.20801,0.176507,-0.0168189,0.962251
3.8191,0.991253,-0.392321,0.702958,0.207906,0.176836,-0.0166952,0.9622
3.8392,0.991466,-0.391977,0.702751,0.207851,0.177122,-0.0165852,0.962147
3.8593,0.991655,-0.391717,0.702578,0.20786,0.177364,-0.0165012,0.962089
3.8794,0.99182,-0.391582,0.702433,0.20795,0.177563,-0.0164614,0.962021
3.8995,0.991963,-0.391629,0.702307,0.208147,0.177722,-0.0164909,0.961937
3.9196,0.992084,-0.391933,0.702189,0.208485,0.177844,-0.0166214,0.961829
3.9397,0.992186,-0.392575,0.702067,0.208999,0.177935,-0.0168891,0.961688
3.9598,0.992269,-0.393638,0.701928,0.209729,0.177997,-0.0173299,0.961504
3.9799,0.992337,-0.39519,0.701761,0.210704,0.178036,-0.0179737,0.96127
4,0.99239,-0.397276,0.701558,0.211945,0.178056,-0.0188405,0.960979
