time,right_s0,right_s1,right_e0,right_e1,right_w0,right_w1,right_w2
0.092236,1.10478011374,-0.0268551680236,0.677481593879,-0.159625458093,0.334890655525,-0.140988182626,0.917872700504
0.100197,1.10458975226,-0.0274783314697,0.6783307172,-0.159340875016,0.334446353177,-0.141306466281,0.918035187225
0.200287,1.10465426192,-0.026999066438,0.677524985796,-0.159962436554,0.334599199208,-0.141359027846,0.917863290489
0.300287,1.10488173901,-0.0274541346684,0.678082755617,-0.159882110623,0.334640639066,-0.141637717806,0.917819214379
0.400321,1.10426497535,-0.0277419470931,0.679222121186,-0.15932451114,0.333517429381,-0.141884421117,0.918286793705
0.500381,1.1050139955,-0.0278205495506,0.678317793347,-0.15990049623,0.334452657099,-0.141952114787,0.917835959511
0.600329,1.10451638007,-0.0268472698083,0.678682648716,-0.15921639405,0.334112870394,-0.140953526328,0.918232450482
0.700303,1.1043050651,-0.0275075413042,0.679651204873,-0.159133954713,0.333593985722,-0.141571052354,0.918340391295
0.800289,1.10439015133,-0.0269031241902,0.678904000672,-0.159356475838,0.333871627054,-0.141257741907,0.918249149528
0.900379,1.10488052817,-0.02742493948,0.678446941141,-0.159295987837,0.334498045002,-0.141175990671,0.918044217784
1.000312,1.10469017304,-0.026724733801,0.677755576474,-0.159766586486,0.334278535857,-0.141411003899,0.918006223445
1.100278,1.10486050764,-0.0273009918432,0.677603650183,-0.159584612847,0.334373449855,-0.141518648679,0.917986720738
1.200293,1.10506909427,-0.0272693864939,0.677957198246,-0.159718023949,0.334704084962,-0.141540645909,0.917839623186
1.300397,1.10518743677,-0.0272304365036,0.677252594781,-0.160202142579,0.334727272122,-0.141809557107,0.917705277485
1.400340,1.10494829444,-0.0265383907426,0.67730260951,-0.160131868413,0.334708071614,-0.141408940518,0.917786360248
1.500338,1.10480645355,-0.0274453348681,0.677847557773,-0.159677320608,0.33414199042,-0.141665030592,0.918032299339
1.600308,1.10453941207,-0.0273334755533,0.678386840762,-0.159236552353,0.333893471886,-0.141464544668,0.918230173992
1.700252,1.10459848492,-0.0271741362945,0.678375838641,-0.159452868024,0.334037367558,-0.141285386981,0.918167881914
1.800268,1.10444021974,-0.027506198766,0.678615511051,-0.159073881819,0.333781812591,-0.141379663494,0.918312034364
1.900249,1.10410456384,-0.0286589166148,0.679806267408,-0.158645430863,0.333022305651,-0.141637185774,0.918622163248
2.000377,1.10333060691,-0.0310617419334,0.682592871736,-0.157443524297,0.330873084304,-0.142583982099,0.919458724897
2.100256,1.10070409094,-0.0354242401546,0.689016637102,-0.154119497527,0.324773946495,-0.144382591391,0.921912540029
2.200365,1.09645203073,-0.0450626080848,0.703057418846,-0.142969529735,0.316107071493,-0.145346266698,0.926558414605
2.300356,1.09530706279,-0.0621656934507,0.716082560729,-0.124679175721,0.313576497616,-0.142932968872,0.930427347886
2.400299,1.09350441903,-0.085755131415,0.730982112701,-0.0983563142475,0.311591196576,-0.131994616127,0.935849551465
2.500526,1.08878597891,-0.110543280155,0.74536145662,-0.0691539575055,0.306247294593,-0.118863898262,0.941966930633
2.600351,1.07785537802,-0.139844667856,0.761408023485,-0.037082391546,0.291857918351,-0.108374946654,0.949578181442
2.700267,1.06401958993,-0.176600386969,0.773746883008,0.00225032107516,0.27345338436,-0.0967645787863,0.957003029739
2.800325,1.05256937412,-0.223096743887,0.777860539873,0.0501092567179,0.25955528239,-0.0904737716078,0.96017426253
2.900343,1.04649635108,-0.275197995115,0.773030750813,0.103818267364,0.254923549429,-0.0868688060347,0.957439064299
3.000363,1.04583203028,-0.331983850623,0.760088507338,0.163751150919,0.259925984604,-0.0841526896411,0.947914747183
3.100389,1.04564898651,-0.389168682174,0.740691530891,0.224581694001,0.266891315572,-0.0811360435923,0.933675013493
3.200371,1.04188283374,-0.4364481366,0.71896002866,0.276395177132,0.268685372915,-0.0795274260134,0.919287367993
3.300339,1.0376989089,-0.467899338167,0.703990451963,0.307679560592,0.265576715749,-0.0749249634366,0.910597905719
3.400506,1.03681351091,-0.484228913324,0.696041958284,0.317794766717,0.262854280544,-0.0690029234298,0.908379166431
3.500544,1.03638784347,-0.494961276578,0.686256395281,0.327750848476,0.258771241906,-0.0579485972781,0.906784861894
3.600307,1.0298828459,-0.5028957254,0.680310679646,0.336886968364,0.246011211775,-0.0490068295936,0.907515280797
3.700292,1.02359855784,-0.499263317246,0.681843269087,0.337683330985,0.234438357954,-0.0442283899585,0.910523186864
3.800277,1.024541344,-0.482924037552,0.689567655086,0.31951222198,0.232300669628,-0.0422420431599,0.917694910461
3.900303,1.02972137174,-0.446958834221,0.709771052663,0.276205580934,0.234103191031,-0.0409288769487,0.93125238257
4.000291,1.03233888419,-0.396693653446,0.735806261481,0.214510068754,0.230929612747,-0.0415648281837,0.948118826634
4.100317,1.03360926958,-0.341835050752,0.756678598644,0.152740985774,0.226318856085,-0.0409775450522,0.961129963869
4.200333,1.03469836599,-0.290274681437,0.770505586924,0.101713965739,0.222742029283,-0.0375796521168,0.968828172232
4.300187,1.03646732412,-0.23964011827,0.778662243644,0.054265491869,0.221467926288,-0.0353086709244,0.973016192967
4.400294,1.03939697891,-0.191055684969,0.781342077305,0.0134667839293,0.224214762187,-0.0311039850302,0.973950167238
4.500312,1.04121933068,-0.140872059759,0.780479153999,-0.029759715648,0.227254007461,-0.0286150601844,0.972959995965
4.600320,1.03781758484,-0.0888843134732,0.776186387401,-0.0745749652903,0.224884285393,-0.026901817785,0.971154943835
4.700291,1.02998819622,-0.0374774652748,0.767254962644,-0.120903235379,0.217190510266,-0.0250182667719,0.968289613831
4.800305,1.02138747782,0.0134622578578,0.750632708802,-0.169754618327,0.208707391753,-0.0245291288883,0.962820292692
4.900309,1.01217831764,0.0630363000381,0.72669427087,-0.223062175011,0.199325179767,-0.0255301211115,0.953866317524
5.000342,1.00120194472,0.104484937942,0.696611583387,-0.269364235003,0.189410244579,-0.0219221127468,0.943973563784
5.100299,0.98476269212,0.138121850953,0.667289836191,-0.307962249941,0.174908481729,-0.0126454361172,0.935096983513
5.200289,0.966404767013,0.165967994964,0.635637336563,-0.345009639255,0.160182188794,-0.000229357698154,0.924829693841
5.300324,0.949959589284,0.18245036388,0.606497701655,-0.371695322454,0.149699555302,0.0143393769885,0.916093342775
5.400304,0.93582624345,0.189747509205,0.587135385302,-0.386817934043,0.13708613482,0.0189450629883,0.911712872637
5.500237,0.92894950513,0.18745889049,0.57858355294,-0.388595858198,0.130854058356,0.0206953954336,0.911834510759
5.600346,0.92868283585,0.180442693206,0.583382562871,-0.384888346965,0.127668976707,0.0180847958555,0.913911665817
5.700411,0.936040029518,0.163168911193,0.599417172908,-0.366706381971,0.131782987444,0.0117386226979,0.920881033782
5.800364,0.947020821357,0.127548181837,0.628832867466,-0.321783705114,0.139125206093,0.00475506233193,0.936523792295
5.902647,0.957946533045,0.0771921064289,0.663418738791,-0.26201628714,0.145534474733,-0.00456558180756,0.954015899973
6.000366,0.967581670584,0.0255988333956,0.691935642188,-0.208900023083,0.150875506818,-0.0153355480135,0.966106713963
6.100291,0.977697251229,-0.0238781674883,0.711787533948,-0.163444990743,0.158641544119,-0.025968608399,0.973367467536
6.200372,0.98545494385,-0.0731846355522,0.724846774845,-0.122221767233,0.165150112082,-0.0322964916621,0.978133026086
6.300329,0.989499683618,-0.123281549674,0.734472858054,-0.0824134977097,0.167655422877,-0.0399829099636,0.981580888917
6.400473,0.990964717826,-0.17419750296,0.739295259514,-0.0390375778869,0.168801127266,-0.0466307888005,0.983772238113
6.500397,0.992182452524,-0.223640581146,0.739258754759,0.00626911733215,0.171113746048,-0.0451248415849,0.984197405378
6.600345,0.994132448091,-0.268493698748,0.736026948546,0.0508426348934,0.17508483509,-0.0393744255753,0.982451007231
6.700592,0.994936125435,-0.307471882212,0.731362302682,0.0916292074769,0.177549744359,-0.034899938475,0.979215078984
6.800348,0.994452490087,-0.346407265865,0.723418376535,0.138394453289,0.17765419013,-0.023636656665,0.974026320224
6.900408,0.992332916459,-0.379103490237,0.713014149338,0.18155280985,0.176272697764,-0.0192864067267,0.967261364769
7.000312,0.989170255918,-0.39533432006,0.706895386588,0.204100337897,0.173372926807,-0.0201070402988,0.963265585003
7.100387,0.9882118349,-0.395901131555,0.706540793567,0.205525868036,0.172103679309,-0.0198833203009,0.963194733535
7.200323,0.988131866315,-0.39349865588,0.707872891067,0.205146362173,0.171622499704,-0.0185371769235,0.963388322928
7.300344,0.98770974487,-0.392767362849,0.708061627493,0.205808913312,0.17112488118,-0.0183413611908,0.963339276015
7.400352,0.987774612666,-0.39449954201,0.707741723668,0.206113608484,0.171464373561,-0.0190110778158,0.963200772382
7.500313,0.987734280485,-0.395626602885,0.707805303317,0.206446082997,0.17171767128,-0.0200623905069,0.963063111469
7.600287,0.988519031912,-0.39567080195,0.706518862744,0.206293752706,0.173056771988,-0.0197512478241,0.962862466541
7.700304,0.990592244457,-0.394662035575,0.703475455451,0.205772921138,0.176369167545,-0.0198611196961,0.962370488736
7.800307,0.991420413651,-0.392209273387,0.702128336434,0.205451831411,0.177496077373,-0.0185304974623,0.962258441455
7.900288,0.99134241443,-0.387943443812,0.703702804314,0.204367846639,0.176966929098,-0.0164602305029,0.962624303702
8.000330,0.991988676123,-0.385371032168,0.702869363759,0.204746711566,0.177761853201,-0.0152393548917,0.962417409294
8.100345,0.992323822164,-0.382936056007,0.702699679989,0.204037296672,0.178120210999,-0.0140681323569,0.962519641178
8.200305,0.992224791866,-0.384044929244,0.703224624494,0.204218367804,0.177804203406,-0.0143543993116,0.962535440762
