time,right_s0,right_s1,right_e0,right_e1,right_w0,right_w1,right_w2
0.100375,0.5841696117,-0.783911767122,0.061307133223,0.371666535573,0.928228599334,0.0158148689311,0.00235449232149
0.100781,0.5841696117,-0.783911767122,0.061307133223,0.371666535573,0.928228599334,0.0158148689311,0.00235449232149
0.200356,0.584563279366,-0.783551392792,0.0610427568683,0.371198124226,0.9284138192,0.0159365779997,0.0023996606709
0.300500,0.584110876651,-0.783259383492,0.0611655624284,0.371498920129,0.928292999617,0.0160438970264,0.00180348936288
0.400759,0.584103179375,-0.783850794796,0.0614190036555,0.371030996911,0.928488510971,0.0155000904279,0.00219807251808
0.500362,0.584809944786,-0.783153536075,0.0616815498025,0.371071846781,0.928460572451,0.016137738372,0.00249466056003
0.600567,0.583958789749,-0.783698333139,0.0606659081307,0.371631222987,0.928243532524,0.015824208929,0.00194238025833
0.700370,0.584873665253,-0.783066158998,0.0607837124006,0.37066765228,0.928624851615,0.0160142128337,0.00221844606859
0.800467,0.583828393974,-0.783781447211,0.0609145533743,0.371449792856,0.928316486299,0.0158064686068,0.00192566936223
0.900252,0.584676320527,-0.783677964654,0.0612954865002,0.371335033559,0.928354741707,0.016100993861,0.00291965739234
1.000461,0.584354788509,-0.783084738203,0.0606577232752,0.371038434175,0.928482314289,0.015756005178,0.00167949918016
1.100479,0.584384934703,-0.783146147233,0.0607950872193,0.371251166485,0.928386522394,0.016345831365,0.00196219717135
1.200524,0.584395181176,-0.782564894845,0.0605215877679,0.370509890617,0.928683334653,0.0163503093676,0.00153371355943
1.300511,0.584138330549,-0.783486960781,0.0609170741292,0.370971422444,0.928504768492,0.0159705627157,0.00200991166205
1.400390,0.584018476557,-0.7837894591,0.0609068150158,0.371041085371,0.928483906694,0.0155592380487,0.00201446979368
1.500493,0.584287045154,-0.783404240619,0.061292459079,0.37086308956,0.928554000494,0.0156154814223,0.00204785470419
1.600306,0.584464239735,-0.784056450036,0.0610411388253,0.371089542805,0.928464608309,0.0154662854594,0.00261081461983
1.700372,0.584242788222,-0.782823104417,0.0606441106983,0.370700758957,0.928608272888,0.016269311038,0.0017124109364
1.800353,0.583899053255,-0.783689968598,0.060770900529,0.371551041266,0.928274168825,0.0158791294615,0.00217818113829
1.900448,0.58352789007,-0.783071757184,0.0605065586163,0.371100833284,0.928455032244,0.0159246384552,0.0013529693771
2.000500,0.583345720145,-0.782471909089,0.0602622423944,0.371087260115,0.928447144929,0.0167140996767,0.000885056728122
2.100492,0.583646551869,-0.783385975397,0.0605132061158,0.371282065359,0.928384435033,0.0157795838289,0.00172437389329
2.200501,0.583865706475,-0.782197984665,0.0600036234042,0.370860420305,0.928541743291,0.0164867288304,0.000983559595368
2.300351,0.583189841445,-0.782955286565,0.0598784173267,0.371387649971,0.928331837343,0.0164403128274,0.000964021707081
2.400482,0.58437056811,-0.78175540527,0.0603633734853,0.370215937959,0.928797905815,0.0165287890268,0.0011868313739
2.500551,0.583345556237,-0.782652585887,0.0596400853642,0.371029251573,0.928472856375,0.0165751308679,0.000845274643365
2.600469,0.583810192355,-0.783433987861,0.0602611289817,0.371672968093,0.928218220955,0.0163185240438,0.00196082846917
2.700286,0.58299174312,-0.783729001201,0.060400170978,0.371914702348,0.92812373631,0.016231301672,0.00152614618855
2.800386,0.583949437382,-0.782751724718,0.0603727072356,0.370674555274,0.928620682748,0.0161827858309,0.00145570879594
2.900364,0.583686485156,-0.783028983936,0.0603884519061,0.371324941451,0.928362657044,0.016078804007,0.00142720825988
3.000428,0.583719264989,-0.783073498563,0.0602555987004,0.371203466319,0.928417151938,0.0157482653302,0.00125328323292
3.100471,0.582846315034,-0.783367867885,0.0600203033451,0.371846409721,0.928150517841,0.0163103437242,0.000914601920016
3.200291,0.583419482247,-0.783541063138,0.0607815550527,0.371304998678,0.928371575184,0.0160060185691,0.00161978920728
3.300590,0.583017053711,-0.783061962955,0.0606690217433,0.371717610777,0.928197905222,0.0165402284201,0.0010427960929
3.400541,0.582261037217,-0.7838909191,0.0611875245925,0.372159383573,0.928024067771,0.0163648534119,0.000956257563509
3.500524,0.580955839798,-0.783881645975,0.0608182346569,0.37270265209,0.927805190809,0.0164375252986,-0.000262286480938
3.600479,0.580730027479,-0.783499517323,0.0607968454084,0.37260597946,0.927838890024,0.0167166574559,-0.000575840918647
3.700278,0.584250880868,-0.787675795616,0.0610259543882,0.372498406428,0.927915988058,0.0136154660919,0.00561029392662
3.800437,0.585462641711,-0.79027026913,0.061040236961,0.373045782383,0.927702308753,0.0114285116594,0.00864058461474
3.900513,0.590618822276,-0.788842892393,0.0620769902902,0.374414016924,0.927030989416,0.0152705533641,0.0139462824321
4.000407,0.593068691786,-0.786286908642,0.0625226680927,0.375320917922,0.926531416952,0.0203577194839,0.0161029571407
4.100428,0.599203912093,-0.781072052629,0.062684669958,0.376181706374,0.925766940115,0.0313221014438,0.0214900521289
4.200481,0.609214497528,-0.772877410247,0.0636477846946,0.380048091309,0.923084258032,0.0501359893621,0.0310690108661
4.300478,0.618066664282,-0.76698141365,0.0635112024667,0.382831724967,0.920400353392,0.0677960886969,0.041312833261
4.400456,0.626950071392,-0.7593310787,0.0642177088198,0.387376476087,0.916457010025,0.0866189832914,0.0504298154239
4.500449,0.635126245432,-0.753672019706,0.064279010543,0.392166650878,0.912068089761,0.103051249455,0.0609717767791
4.600348,0.644849073989,-0.746973720509,0.0623054321526,0.399491714222,0.905540892433,0.1216949753,0.0747823200073
4.700469,0.655295873649,-0.736982755627,0.057481212697,0.409264000018,0.896547886921,0.1441524483,0.0890221118349
4.800406,0.662796024331,-0.726734182585,0.0486104075428,0.412414516768,0.890561367722,0.163265819963,0.100791808753
4.900409,0.672463924296,-0.718378522315,0.0370140437975,0.405479024396,0.889041171054,0.177706405011,0.116674721183
5.000466,0.688626132129,-0.712897857328,0.0258794371274,0.401875869082,0.883882252538,0.19479893002,0.138929213486
5.100486,0.706223842554,-0.706393064819,0.0177675588184,0.410280925606,0.870311640531,0.221340846381,0.158856665465
5.200384,0.723658345063,-0.697789555355,0.013730761235,0.420004170361,0.853112966445,0.253230929064,0.177957466626
5.300405,0.739511011879,-0.687987289704,0.0145789306413,0.42187394623,0.837510395888,0.286041476825,0.196923802035
5.400483,0.754225839911,-0.683526592566,0.0197875544505,0.417538827197,0.824317681233,0.312192705215,0.220674880762
5.500466,0.769279076172,-0.677521181294,0.031260728099,0.410010495595,0.810825474042,0.339031047211,0.243949570963
5.601578,0.785193700553,-0.672062217756,0.0487991527048,0.40504908431,0.793300791341,0.367085059036,0.268062778449
5.700364,0.802476241777,-0.667731590234,0.0730422946855,0.399781352824,0.773505690004,0.394728278836,0.293348603802
5.800445,0.815704470184,-0.663053847344,0.0964505170386,0.392377046672,0.757402545463,0.417175294552,0.313602313428
5.900590,0.821293600691,-0.65848706637,0.112128061582,0.389416170669,0.744819452649,0.436056771311,0.321641914511
6.000326,0.823666014764,-0.653196195582,0.122123651825,0.385301679239,0.735562861957,0.453192973101,0.324200587935
6.100579,0.826331224063,-0.651843056139,0.13001657094,0.385389924956,0.724815329212,0.46701231591,0.328659156376
6.200438,0.832052415706,-0.650920182242,0.138580720045,0.389112221249,0.710319879069,0.48144608556,0.335032857155
6.300428,0.839723492327,-0.647537896426,0.154206882342,0.390698171632,0.690546153721,0.502470778721,0.343546306625
6.400558,0.844792654304,-0.642113291574,0.179071295329,0.386997320228,0.666912790794,0.530722849274,0.351843233373
6.500468,0.847824030169,-0.635645107843,0.205242036635,0.378792862425,0.644997864645,0.558252170758,0.358954364541
6.600396,0.844963517307,-0.627892745066,0.231558165899,0.366170244704,0.62399421826,0.58746032668,0.362547834152
6.700344,0.838056417415,-0.621963276884,0.257446757971,0.352507865416,0.602374456037,0.616353569627,0.364679992243
6.800467,0.829642715487,-0.618339593779,0.28299901246,0.340369690546,0.58163351534,0.640773032714,0.367778259468
6.900404,0.821546345032,-0.613028794456,0.308467956788,0.331898408573,0.557578462711,0.665756809088,0.368398663761
7.000433,0.81210306198,-0.608242588855,0.336053723684,0.326190806865,0.527909374709,0.692784401474,0.367370416181
7.100446,0.800199916497,-0.597589300597,0.363970809144,0.318814767502,0.494388902036,0.724289304189,0.359641156438
7.200439,0.787892241519,-0.590008979011,0.388766376582,0.314316287742,0.458424416053,0.753472449464,0.35118598196
7.300505,0.777666894785,-0.582811971702,0.408535832911,0.312029030861,0.423901442459,0.778930761907,0.340899280046
7.400471,0.768484058289,-0.574082018459,0.420624458152,0.303366941053,0.402762037156,0.7936103395,0.340490630622
7.500519,0.76061175869,-0.566179619141,0.429657075786,0.29024742228,0.388545491622,0.801639650548,0.34951781853
7.600498,0.75357856993,-0.56272280179,0.437166385188,0.283002167034,0.370545135592,0.811139021385,0.353071613034
7.700940,0.748394900352,-0.561091708792,0.441135831406,0.283881308214,0.34935455808,0.822113218112,0.348557961036
7.800583,0.744896752687,-0.557819303011,0.436865927965,0.287837056714,0.338289858022,0.827592264226,0.343221276926
7.900461,0.742582695921,-0.555181720924,0.428782806539,0.295654079918,0.33381070372,0.830106734941,0.334786331434
8.000333,0.740662054678,-0.552189104463,0.421793688176,0.302295625569,0.334562235309,0.830161450111,0.32789850902
8.100429,0.740612848162,-0.549278374386,0.411114774785,0.312633507865,0.340690492004,0.82686429549,0.320133902081
8.200385,0.741168771452,-0.545711695968,0.397532277405,0.325485215758,0.353490807193,0.819494400253,0.312302019697
8.300390,0.739891550097,-0.54375665134,0.391653916015,0.334592030575,0.36366856544,0.813173499578,0.307477165285
8.400430,0.739160225854,-0.541070194373,0.391691371514,0.340773736071,0.369332157666,0.809281643177,0.304187836928
8.500398,0.738275064137,-0.538353674573,0.388899185137,0.348475802123,0.371787772468,0.806588071922,0.299589969479
8.600388,0.735308704303,-0.535752862983,0.384357695312,0.35415305031,0.371040096825,0.806838334967,0.293115616663
8.700345,0.731684147158,-0.533328662363,0.376612159022,0.361921437574,0.368588025897,0.807556079953,0.284620656174
8.800478,0.727610889766,-0.532883778396,0.367020967557,0.370674724281,0.368962713307,0.805775655115,0.277835128436
8.900522,0.724239152706,-0.531272873007,0.357070517847,0.379932196501,0.372771440901,0.801998344604,0.271093404868
9.000431,0.723577962155,-0.532575046523,0.359178154799,0.378685289281,0.373530499324,0.801377370093,0.273617851136
9.100390,0.725232909598,-0.531291948474,0.354716356539,0.383307875594,0.373126174961,0.800234843343,0.271064799572
9.200273,0.725516366691,-0.529159477716,0.349043539875,0.386954240376,0.37597456356,0.797920489732,0.268760926246
9.300449,0.725011486652,-0.528132243866,0.344450961332,0.389746115246,0.376709072344,0.796939805408,0.26659930049
9.400706,0.724470548946,-0.526588351455,0.343541493443,0.39007896905,0.376244981697,0.79762784462,0.264703481541
9.500534,0.725472540843,-0.527713796969,0.342991031985,0.390252204787,0.377037390575,0.796795179049,0.265826005898
9.600488,0.724633118457,-0.526014960612,0.345240788051,0.387179245486,0.377845082529,0.79800129538,0.265554623469
9.700362,0.722246402829,-0.524875424106,0.351114744045,0.381442612716,0.376316598402,0.801431961155,0.265695620233
9.800389,0.722179434369,-0.5233987578,0.354224419385,0.378412568068,0.377817752536,0.80207572727,0.265955263007
9.900310,0.721440924424,-0.523977174122,0.358847477889,0.374769962473,0.376878076798,0.803669484505,0.267629875261
10.000495,0.720395563574,-0.523421456427,0.367511500137,0.368346212851,0.372570974002,0.808335255322,0.268525700469
10.100441,0.718712353358,-0.524888295071,0.385975848231,0.357640444193,0.359250030539,0.818094098435,0.27157830241
10.200313,0.717097767665,-0.530760910606,0.405714121539,0.348931686325,0.337216972673,0.829532614797,0.276418220471
10.300429,0.712613348396,-0.540679650976,0.428537069271,0.336969263089,0.304474459438,0.84553968528,0.280730582408
10.400303,0.704993866008,-0.552984292285,0.448967316442,0.324231668654,0.27045242112,0.860598308631,0.284780378771
10.500473,0.694997762592,-0.56513981809,0.469989526939,0.30860355435,0.235723616607,0.875402328059,0.28786973937
10.600431,0.686141809843,-0.57427063686,0.489137181162,0.294305945683,0.204431859989,0.88795288561,0.288324986591
10.700476,0.676583508604,-0.578605028694,0.511157165913,0.277466155174,0.177075181687,0.900002040446,0.285750310509
10.800465,0.664165967154,-0.581679704737,0.53531481034,0.258390793102,0.15448484426,0.910472417701,0.283564115395
10.900516,0.650163951507,-0.583330767137,0.562859443114,0.239251472458,0.134888097589,0.920150386948,0.279082782442
11.000342,0.633150060635,-0.582424721974,0.590203229339,0.219230374958,0.125011193299,0.927984422195,0.274144407948
11.100371,0.614468574733,-0.581585585144,0.613177815744,0.20083715163,0.12040501113,0.932585392897,0.274684467663
11.200494,0.593435493515,-0.582889048212,0.630679772663,0.185586795379,0.115062938787,0.93669160034,0.273727797914
11.300407,0.567915508166,-0.585498710986,0.644471249937,0.169795449812,0.107760899222,0.941395364969,0.270798560995
11.400472,0.54079111531,-0.591286354791,0.654878629808,0.155282299557,0.100651725466,0.944198956404,0.272479298902
11.500439,0.518489481961,-0.602129978561,0.662507831529,0.149517973053,0.0963479071842,0.944062435566,0.277682506233
11.600488,0.499071476421,-0.611290385025,0.671357882727,0.145653749044,0.093564550496,0.946184085905,0.273434335556
11.700892,0.479516780902,-0.619557823562,0.682828449929,0.139808033989,0.0946634664233,0.947210771211,0.2725514569
11.800432,0.460679378024,-0.622554362552,0.697033655773,0.133228736487,0.102425060229,0.947404487169,0.272367304393
11.900497,0.443592118408,-0.618676683333,0.712319303931,0.128282142173,0.119890701822,0.943984700611,0.279397202257
12.000341,0.426593178068,-0.612968035992,0.730905579133,0.122027877856,0.13259950492,0.941011971236,0.286396645077
12.100323,0.40818801805,-0.617469375044,0.751876147181,0.118687841715,0.124908035488,0.942136127255,0.287559900927
12.200311,0.390841858235,-0.636746595666,0.771324047076,0.120780386343,0.094104210111,0.946872987448,0.282821571942
12.300430,0.372732123324,-0.657209658991,0.785288569031,0.120860044844,0.0616240884807,0.950937812226,0.278051431497
12.400495,0.357566822665,-0.669258884763,0.794704339757,0.120236818374,0.0431596466039,0.952508335824,0.276420372978
12.500318,0.34224119878,-0.668610645919,0.799972628973,0.113946581855,0.0440117593186,0.951620893461,0.281951798457
12.600465,0.320679297175,-0.669870776273,0.807537524866,0.10005453113,0.0417228896251,0.954948837792,0.276262571626
12.700303,0.298513959917,-0.671710602856,0.81529093618,0.0840317111855,0.0396133357875,0.958211352752,0.270555832685
12.800454,0.280757252656,-0.674877060796,0.820363658315,0.072252787357,0.0377034639744,0.959481857348,0.269726804273
12.900420,0.26990139749,-0.677281414608,0.824168804743,0.0681089360534,0.0378996594792,0.959069064443,0.272233940335
13.000397,0.264189611229,-0.677665076461,0.825702652248,0.0664054254112,0.0379004906643,0.959810780866,0.270031733723
13.100383,0.259342724288,-0.676580211147,0.826686369097,0.0631029231755,0.0379406414118,0.959902027684,0.270493301328
13.200353,0.255900690018,-0.674631253549,0.829177385198,0.0596430589907,0.0395472097344,0.959972585394,0.27079763479
13.300492,0.252006296644,-0.670632293703,0.834642708717,0.053772580594,0.0423564886743,0.960421666503,0.27000862941
13.400591,0.244840925087,-0.664247462001,0.843429502524,0.044403474122,0.0469484713481,0.960699783484,0.269963142923
13.500365,0.239389080173,-0.658446422619,0.852090567237,0.0383270260793,0.0520205752164,0.960313687755,0.271334700943
13.600475,0.237650509925,-0.65651889116,0.858073056616,0.0364711533877,0.0549830015959,0.959525696052,0.2737830585
13.700313,0.231839553255,-0.655320701619,0.863182587772,0.030203940277,0.0568791223511,0.958742189049,0.276886081937
13.800767,0.225775909066,-0.655532746496,0.868169344368,0.0240987607333,0.0581663212092,0.959067415394,0.276089879454
13.900443,0.222545793299,-0.660209446055,0.87138733912,0.0221313164875,0.0571728134251,0.960316430088,0.272091580795
14.000473,0.22268407857,-0.665477492779,0.870618659424,0.0240001663446,0.0552885560522,0.96160669216,0.26773071766
14.100459,0.225435708811,-0.668964220326,0.866069292349,0.0279033071517,0.0525040426526,0.962334800538,0.265285624618
14.200576,0.235232175955,-0.676129319057,0.854300612524,0.0384481285718,0.046314303932,0.96290103671,0.26305573585
14.300372,0.244054973759,-0.689712596585,0.832832677891,0.0480960739073,0.0335540594663,0.963884936458,0.259782066429
14.400474,0.247369282454,-0.707710679351,0.800791421709,0.0515889422113,0.0127371217819,0.965331051805,0.25556272653
14.500278,0.248329017344,-0.720496585633,0.761048415817,0.051667047887,-0.00416185354802,0.966259095677,0.252302507239
14.600496,0.248656013058,-0.725360068657,0.717075539583,0.0530066844884,-0.0184879941424,0.967606823062,0.246141263171
14.700320,0.246725486252,-0.72125103642,0.676036781996,0.0539910090646,-0.0235371793378,0.967463610478,0.246059209399
14.800359,0.242733349559,-0.716038886195,0.641715848797,0.0536533261201,-0.0296795183635,0.96816111752,0.24270248723
14.900471,0.235266707509,-0.715475812548,0.619695323516,0.0526143293808,-0.0419384223556,0.968218704943,0.240884703692
15.000377,0.229948679467,-0.716723646848,0.607733780712,0.0520050919733,-0.0566716246015,0.967463558704,0.241035391497
15.100478,0.224537282755,-0.716484358767,0.604702266946,0.0474917728289,-0.0678610392147,0.966817953395,0.241666000637
15.200318,0.218992795546,-0.715940769436,0.602695903031,0.0416152455965,-0.0816288047715,0.966522387086,0.239665151465
15.300459,0.217194490026,-0.714044671648,0.601482398509,0.0405717233279,-0.0920034716143,0.966423216542,0.236464506861
15.400509,0.216174323962,-0.710298387691,0.602429454939,0.0399274412066,-0.0975525988089,0.966088075978,0.235718305094
15.500394,0.218996879115,-0.704911450265,0.604806723596,0.0434717659861,-0.0989375288413,0.966140627312,0.234294385778
15.600437,0.218454676468,-0.704784981801,0.604861386218,0.0440172641969,-0.0991798955743,0.966190890926,0.233882429988
15.700274,0.220400811999,-0.704466739344,0.604620830443,0.0462421558124,-0.100460754346,0.966567849084,0.231335023242
15.800432,0.21889362616,-0.704403545697,0.604540658619,0.0446745940393,-0.100922235868,0.966612174114,0.231256973539
15.900482,0.218399674128,-0.705410626663,0.603260677359,0.0454356992723,-0.102438116033,0.966144183563,0.232395021854
16.000392,0.219532580373,-0.705533019485,0.602892172636,0.045782221931,-0.10316351894,0.966404479706,0.230919159274
16.100475,0.218707506652,-0.706143896976,0.601913296345,0.0457884334121,-0.104221399867,0.966103841157,0.231699562532
