time,right_s0,right_s1,right_e0,right_e1,right_w0,right_w1,right_w2
0.049039,0.647250026359,-0.83982267669,0.040322830204,0.377516068876,0.924655622002,-0.0217012049702,0.0449739496132
0.101323,0.64712261059,-0.840251028289,0.0403504572358,0.378404323433,0.924272918215,-0.0213664450067,0.045532578329
0.202829,0.646950679238,-0.840004562269,0.0403197082432,0.378141036067,0.924401065702,-0.0213730874723,0.0451133871911
0.300922,0.64729358112,-0.839660434844,0.0403163490611,0.377384963162,0.924709652734,-0.0215394716055,0.0450410799462
0.400532,0.64713138684,-0.840758334673,0.0406597841833,0.377983789398,0.924422782365,-0.0220040872002,0.0456792572664
0.500353,0.647337374689,-0.839994537087,0.0408920827914,0.37754257742,0.924623667972,-0.0219809129246,0.04527156203
0.600471,0.648203573939,-0.840348355433,0.042212393047,0.377929527449,0.924403791018,-0.0219348975469,0.0465377664085
0.700469,0.647922674016,-0.840113664809,0.0414880466735,0.377411516411,0.924646643675,-0.0219153516607,0.0459222057753
0.800439,0.645136996174,-0.841786483106,0.0415656236625,0.378545686791,0.924229113028,-0.0230442754197,0.0444147612161
0.900642,0.645372746982,-0.843267517383,0.0418305627402,0.379808957997,0.923629243956,-0.0230045691675,0.0460973419192
1.000384,0.644328767324,-0.842542495178,0.0414339248394,0.379358022499,0.923897640814,-0.0226397173898,0.0445879272946
1.100482,0.644306146573,-0.843209830175,0.0412087591829,0.37974616482,0.923707526672,-0.0227123770949,0.0451818924047
1.200268,0.645720971553,-0.841571966545,0.0414529062125,0.379230456656,0.923932599586,-0.0218942622737,0.0453150465803
1.300398,0.646247178428,-0.840878674501,0.0408875446463,0.378620575166,0.924193148983,-0.0218268084096,0.0451339547217
1.400332,0.645049159922,-0.841239165811,0.0408342763083,0.378709196256,0.924196317447,-0.0220274280138,0.0442188184413
1.500386,0.644937649895,-0.841132445802,0.0401346201723,0.378890138995,0.924132350973,-0.0219441229597,0.0440467470491
1.600435,0.644972615918,-0.841684013027,0.0407270879998,0.378971453246,0.924068725522,-0.02204042646,0.0446301214112
1.700446,0.646479991033,-0.840862604247,0.0415863726748,0.378663182702,0.924166336757,-0.0215547331584,0.0454551377663
1.800616,0.647896039393,-0.840894097553,0.0426434437168,0.378008664105,0.924359697162,-0.0223614441792,0.046567863797
1.900453,0.647179286295,-0.842556099678,0.0454659497815,0.378647187871,0.924044027651,-0.0227933239636,0.0474279080567
2.000383,0.650606410111,-0.843602960278,0.049651211213,0.37449926458,0.925475955661,-0.0228911353091,0.0521589133959
2.100485,0.681121499623,-0.856381108617,0.0669840188732,0.343990280528,0.933988313878,-0.0353145622293,0.0899410814731
2.200492,0.707482048884,-0.881693275954,0.0926200012158,0.284020295735,0.947688199836,-0.0744085616434,0.125231439568
2.300312,0.712064416268,-0.890035030922,0.112733923747,0.272327452854,0.948645374145,-0.0906184448868,0.1330338678
2.400835,0.69853400851,-0.880703253995,0.119203481281,0.282002724251,0.948702951638,-0.0865080974291,0.113813541144
2.500366,0.678571727814,-0.859946737579,0.12150499322,0.294130656559,0.949704796777,-0.0696866588463,0.0818029671167
2.600423,0.662026775162,-0.835066198505,0.124824192969,0.301976030672,0.950671401695,-0.0474994540526,0.0527082988014
2.700284,0.654184992531,-0.814257238254,0.128668884202,0.303330618399,0.95183495468,-0.0283274823067,0.0346165962774
2.800476,0.651352326655,-0.801007989234,0.131017063146,0.303399093422,0.952392485149,-0.0146471742666,0.0261343572351
2.900437,0.651372250259,-0.793751746601,0.131290322526,0.298148310119,0.954210883272,-0.00519721734304,0.023710005266
3.000434,0.651931135751,-0.787608758352,0.130769328166,0.284326978518,0.958449412132,0.00300838101475,0.0228876236003
3.100580,0.652441119289,-0.779303056,0.129801247137,0.27552560689,0.960893272728,0.0140235896213,0.0239394508663
3.200646,0.649380807552,-0.768306819405,0.129282621433,0.27476212058,0.960847995541,0.0277260153029,0.0225427290862
3.300484,0.641066662167,-0.754793589951,0.129275532928,0.275372161993,0.960169322122,0.0433081697062,0.0192210221498
3.401427,0.625833754065,-0.744135917152,0.126283817925,0.2790171875,0.958650774612,0.055070635208,0.0102628725884
3.500309,0.610477409169,-0.735023443257,0.12004824964,0.282526766098,0.957116312651,0.0640249448473,0.00279229896621
3.600458,0.59685214885,-0.72669538707,0.111819603038,0.285886693897,0.955400199028,0.074021650342,0.000230715891263
3.700477,0.585692488216,-0.715116852729,0.102636984224,0.294932333091,0.951114665419,0.0916196825998,0.00128291984591
3.800444,0.579624467245,-0.700353828011,0.0963171718537,0.300612535346,0.946585524058,0.116382309523,0.00794400826276
3.900197,0.5750182007,-0.688456690588,0.0940288598014,0.301205264825,0.942475260863,0.143732775119,0.0188854562769
4.000460,0.567128789351,-0.677185238894,0.0922602204849,0.300278174848,0.938028145125,0.171079141588,0.0258484811198
4.100326,0.559227828703,-0.667980270536,0.0924443745474,0.306230203059,0.930497251788,0.19845349942,0.0318454975863
4.200443,0.555478484615,-0.660918508497,0.0954324083083,0.316520732782,0.920605976699,0.224783157883,0.0420926753359
4.300493,0.554212435911,-0.65435520279,0.102602992311,0.326925122365,0.909329659574,0.251479476086,0.0547504127198
4.400465,0.553666335348,-0.648424791134,0.110893710457,0.336201794932,0.898260742179,0.275144002535,0.0662704309104
4.500629,0.552206565646,-0.645815352525,0.119611427448,0.346239697128,0.88748052964,0.29424805572,0.0769055482245
4.600358,0.551365388244,-0.644231333795,0.127886415062,0.354891553417,0.877358640204,0.311011035007,0.0869823998045
4.700302,0.554835721548,-0.643469815784,0.1389050044,0.363016152108,0.865791523889,0.329312044213,0.100885519313
4.800436,0.561473732526,-0.644359306324,0.152996449194,0.373901803155,0.849289375421,0.353090096539,0.119299547862
4.900459,0.57403920826,-0.644564888752,0.171998369814,0.384190891907,0.827452607018,0.383967549019,0.142437575853
5.000391,0.588313529753,-0.645522518348,0.193951325489,0.395566894688,0.799804110275,0.419470507902,0.166987155237
5.100449,0.601440219004,-0.647462754482,0.21667741365,0.403722425684,0.771503154091,0.45355950618,0.189933832113
5.200311,0.614741886764,-0.646472892579,0.238349137039,0.406832807097,0.743499945424,0.487651935052,0.209500569126
5.300516,0.626386016744,-0.647617292782,0.261612260057,0.396635760778,0.722837337112,0.514378605969,0.23579844586
5.400481,0.640640048762,-0.650100827008,0.289092055025,0.384505322567,0.697554194492,0.542375202053,0.267213290954
5.500276,0.657313794561,-0.654162338331,0.320268054728,0.380697424425,0.662902619921,0.573185285741,0.295107125885
5.600417,0.666945590348,-0.657976804219,0.34997073844,0.372202446676,0.630621851816,0.602634847323,0.317194986552
5.700359,0.672399100886,-0.659035764643,0.378831646972,0.354077688505,0.603140198393,0.629345825661,0.338784183971
5.800342,0.673809096695,-0.657685171537,0.40792273203,0.329528806556,0.577929107102,0.6554349349,0.357510501841
5.900421,0.671845059808,-0.653792194766,0.438261250637,0.306703452408,0.548657771082,0.686915278607,0.364767107246
6.000277,0.665079429361,-0.650608576833,0.470946674121,0.280072013178,0.517643372258,0.718469474637,0.370683990222
6.100581,0.656726928418,-0.64830815069,0.499252571405,0.255783356614,0.488029091862,0.745650893646,0.374709520538
6.200445,0.648601120494,-0.641887264917,0.521549529557,0.232632256647,0.46475049046,0.767673179573,0.374922797586
6.300475,0.63728102389,-0.636124311238,0.543811136559,0.208698067423,0.439562005172,0.789567341613,0.3739168
6.400536,0.624319190364,-0.626730283249,0.566839302123,0.184036680332,0.410799095632,0.81495627145,0.364994354675
6.500482,0.609831910622,-0.613484403146,0.587885816208,0.164534674876,0.378835359904,0.845091371616,0.339459400327
6.600316,0.596971465487,-0.602865012812,0.603793019381,0.149925464883,0.345113052712,0.872163225159,0.312650994734
6.700571,0.587586578637,-0.59412945606,0.611673072242,0.142747351882,0.313874484807,0.89440996627,0.284845244921
6.800496,0.578382034734,-0.579413980133,0.616243355716,0.130380832832,0.288095066093,0.912596163764,0.259172361964
6.900673,0.566534113551,-0.567539403738,0.623030354295,0.114642698887,0.259686150602,0.929241645457,0.236495494937
7.000586,0.556517491996,-0.561705605768,0.628916233928,0.102792476089,0.221783513599,0.946533236982,0.210524609589
7.100584,0.547908368126,-0.556175288993,0.631517143964,0.0918719606105,0.186509214697,0.960492760059,0.185006793285
7.200626,0.541909075864,-0.549719323704,0.632962006125,0.0821644190717,0.154459563667,0.971183726927,0.161843813548
7.300337,0.537263779719,-0.5431120528,0.633459790888,0.0740709120553,0.126569065063,0.979364029338,0.139067860399
7.400756,0.536621508037,-0.535800640446,0.632330002015,0.0713031813709,0.103330103346,0.985204896643,0.116662151958
7.500329,0.536920939709,-0.528211522534,0.632276970256,0.0693242177774,0.0837617624393,0.989306914539,0.0972108472757
7.600461,0.535915759724,-0.525827683004,0.635006936514,0.0668712184265,0.0614983426008,0.992713388156,0.0791601097704
7.700356,0.533924733472,-0.522474792257,0.639708834477,0.0634940824772,0.042717718289,0.995005508661,0.0640916201146
7.800370,0.527354327496,-0.520111089749,0.646917572252,0.0561921900764,0.0234628659163,0.996987891823,0.0480320232313
7.900330,0.522509809589,-0.520703332985,0.652055193034,0.054248098557,0.00412805211967,0.998055564972,0.0304169725273
8.000418,0.522306980932,-0.521601695177,0.651257364341,0.0623502335819,-0.0117573387771,0.997910822513,0.0121738929194
8.100375,0.528154045666,-0.522163090931,0.645046863298,0.0803261354367,-0.0231188724904,0.996496372993,-0.00286501525863
8.200360,0.534183470798,-0.522380196151,0.637653827366,0.101001676161,-0.0272343536353,0.994494055551,-0.00620684038987
8.300316,0.532556689753,-0.522669983975,0.640803321225,0.105417890659,-0.0208218859103,0.994209806277,-0.000615223153113
8.400535,0.528408682031,-0.527270515065,0.641387911067,0.100548403688,-0.0260210351037,0.994590287505,0.00175620317842
8.500281,0.524502644795,-0.530543945417,0.640366152505,0.0956830946428,-0.0332430402711,0.994856525279,0.000373875565869
8.600415,0.526502289139,-0.532537986537,0.63779954909,0.0994041432718,-0.0356455456133,0.994408377839,0.000435272660978
8.700370,0.534290456388,-0.529516466339,0.632856914759,0.110819958962,-0.0322103216591,0.993318175843,-0.000658342190019
8.800423,0.539708121773,-0.522629526116,0.629472779996,0.117701126268,-0.0271985949678,0.992666341304,-0.00449623723666
8.900454,0.539372940548,-0.519086187107,0.629766626002,0.115904689725,-0.0272880914306,0.992849833342,-0.00840662820954
9.000258,0.539279434413,-0.517204819095,0.631084871227,0.115656248102,-0.0249050434286,0.992929463679,-0.00971860301757
9.100450,0.538134061783,-0.515297569783,0.632973991049,0.113992717215,-0.0215301102074,0.993201007727,-0.00968880932866
9.200475,0.532568856576,-0.51544507226,0.635992276893,0.106982330242,-0.0204520287199,0.994000415744,-0.0099834381745
9.301595,0.531840315865,-0.517390706484,0.635837315408,0.106755757891,-0.0207746891187,0.994037335665,-0.00783554416429
9.400415,0.531137348741,-0.51955919977,0.636688013533,0.106398261947,-0.0207628348699,0.994100326199,-0.00358552547335
9.500578,0.527971573205,-0.52215703878,0.639459892234,0.103073746434,-0.0212416688751,0.994446390958,-0.000984789382996
9.600474,0.520571111013,-0.526168204444,0.648805024302,0.0931471020857,-0.024506096516,0.995340693783,0.0044689939711
9.700336,0.51062893746,-0.536820942507,0.663687951981,0.0801702729694,-0.0341906731385,0.996156223592,0.00874662230391
9.800474,0.500186085429,-0.55151638465,0.681366622857,0.0660217186944,-0.0501787198262,0.996475940965,0.0126066575444
9.900322,0.497093494997,-0.564883095916,0.696114325445,0.0644106988085,-0.0634274010028,0.995795673025,0.0148055484845
10.000450,0.495526277186,-0.574374778446,0.70842202613,0.0670203713566,-0.0733997987604,0.994948063039,0.0141099688465
10.100350,0.48930944529,-0.579535521605,0.72158969153,0.0654308268993,-0.0761778084045,0.994828110621,0.0152570873834
10.200461,0.476452267589,-0.584456218379,0.733630654629,0.0552214876864,-0.077215400052,0.995285506691,0.0198778636725
10.300600,0.46391360454,-0.591084698787,0.743803029041,0.0435805694326,-0.0768800197269,0.995693309373,0.0280183904568
10.400508,0.459110022268,-0.595315973005,0.752293390967,0.0439489795559,-0.0703053043838,0.99584156758,0.0377521343845
10.500459,0.458165074099,-0.597731850529,0.76071603139,0.0522409646733,-0.0583989874979,0.995750709727,0.048383509047
10.600374,0.456888331181,-0.595007436463,0.768740005807,0.0613765877214,-0.042361286655,0.995341274131,0.0611079690712
10.700619,0.449265026769,-0.591964294762,0.779779732381,0.0648253975809,-0.0272545187348,0.994947348327,0.0716563541738
10.800689,0.435790956967,-0.589048080903,0.793601013973,0.0621655047901,-0.0139879790718,0.99450684724,0.0830416597199
10.900449,0.41995316597,-0.586099459512,0.809783842879,0.0572583481931,0.00300954088224,0.993326888869,0.100070555488
11.000389,0.406332440858,-0.584136484138,0.82487037022,0.0551649664823,0.0200640030354,0.9911629407,0.118954979879
11.100340,0.392532323997,-0.584409820419,0.837889290055,0.0526991150646,0.0318421635434,0.990180760886,0.125502751615
11.200660,0.374144718,-0.588846678367,0.848409438108,0.046149846262,0.0361912727512,0.990074636655,0.127720778728
11.300518,0.354765569705,-0.594443562923,0.857534203478,0.0369417724375,0.0380294408461,0.988901574193,0.138790286539
11.400564,0.337042529414,-0.598588433875,0.866515618742,0.0279362448874,0.0399317064706,0.987454584165,0.150194771054
11.500239,0.324259776008,-0.600859877542,0.876671402393,0.0235790037471,0.043516047586,0.9856758645,0.161224918446
11.600361,0.31520832858,-0.599557945354,0.888814212823,0.0223593987606,0.0499277206238,0.98382182215,0.170592796628
11.700297,0.304426943561,-0.600165577626,0.901167684301,0.0180780048882,0.0537949758318,0.982086419828,0.179681802929
11.800521,0.290929617136,-0.602573643777,0.912990096213,0.0104020135744,0.0553095894725,0.980993220422,0.185701235624
11.900484,0.278993054638,-0.608679106274,0.924780747334,0.00426635365821,0.0531582674921,0.980947462903,0.186810256271
12.000253,0.271505125686,-0.616843671731,0.936981827053,0.00119545063299,0.0503067280048,0.981064558728,0.187029772024
12.100416,0.268628132619,-0.621089553231,0.949335403467,-0.000214036292816,0.0519318284378,0.980380674368,0.190149343175
12.200567,0.269738061986,-0.620339651886,0.961055235381,0.00198434213133,0.0589658865333,0.978779461323,0.196239274114
12.300428,0.270979419239,-0.619680031587,0.969453915983,0.00207288049965,0.0648710374369,0.977506894162,0.200668192631
12.400681,0.266573213278,-0.620510193927,0.970432216629,-0.00819199354846,0.0651424984948,0.976944409971,0.203147645711
12.500326,0.260041560361,-0.627753003667,0.960574052805,-0.025123462266,0.0561059235953,0.977871126698,0.199972489487
12.600495,0.262152972923,-0.642283205577,0.939215147217,-0.0356200996547,0.0393122656535,0.980175761679,0.190895862936
12.700756,0.271743509992,-0.661400095373,0.906817500314,-0.0362962708386,0.0160619768442,0.982962858476,0.179467580581
12.800904,0.288023706241,-0.679695257465,0.864450264806,-0.0255720169921,-0.010092031546,0.98554577748,0.167163821857
12.900373,0.302609772783,-0.693480989568,0.819790690817,-0.0124789603322,-0.0380524392799,0.987297688217,0.153751625213
13.000309,0.309178037625,-0.686209663883,0.781464404702,-0.00856483601786,-0.0439411076467,0.987593494578,0.150515487941
13.100463,0.307426854087,-0.665538723314,0.754090204301,-0.0143565222882,-0.0322610003005,0.98781008173,0.151605938409
13.200347,0.306426464446,-0.651415853887,0.737337022495,-0.0170997459776,-0.0229053005328,0.987879273288,0.152569614611
13.300505,0.308845849751,-0.651153693741,0.728060218628,-0.0130714170883,-0.0279321751803,0.988666648041,0.146925799971
13.400516,0.309966801375,-0.652302890644,0.727699471661,-0.0114812186068,-0.0309638140408,0.989013281639,0.144090778957
13.500374,0.310083821271,-0.651165075499,0.727682707644,-0.011333146488,-0.0314920116191,0.989333327831,0.141772280218
13.600331,0.309290625196,-0.650010790421,0.727523126326,-0.0124098846563,-0.0320703901511,0.989525708725,0.140201129136
13.700421,0.309777018974,-0.648888857068,0.72686100141,-0.0119103452899,-0.0322501609924,0.989769202837,0.13847380946
13.800400,0.309183994839,-0.648958056503,0.726953341272,-0.0126151660118,-0.0332069013941,0.989885832418,0.137346998746
13.900542,0.310936365966,-0.648878368842,0.725676982584,-0.0106291644809,-0.0334401768686,0.989982446367,0.136760854483
14.000288,0.31151963557,-0.648812706992,0.725449597156,-0.0104038454657,-0.0339769299554,0.990087254387,0.135884351312
14.100473,0.311530323277,-0.649063345299,0.725334120097,-0.00988343654041,-0.0339313878468,0.990028594783,0.136361138576
14.200433,0.312092847742,-0.649119413508,0.724996706442,-0.00978501944238,-0.0343417964943,0.990072116969,0.135948878658
14.300995,0.311390383791,-0.649563891132,0.724847033175,-0.0102877528437,-0.034782604841,0.99002373088,0.136151918228
14.400431,0.312126039983,-0.649570667305,0.724749885559,-0.0094300088989,-0.0345561658151,0.990030349104,0.136223544918
14.500321,0.311917753473,-0.649327283063,0.724792601765,-0.00998708923697,-0.0347122941709,0.990049717997,0.136003200611
14.600428,0.311721584168,-0.649719413166,0.724358577394,-0.00967243389975,-0.0347375095289,0.989976039202,0.136554718923
