time,left_s0,left_s1,left_e0,left_e1,left_w0,left_w1,left_w2,right_s0,right_s1,right_e0,right_e1,right_w0,right_w1,right_w2,
0,0.718734,-0.536225,0.909388,0.24089,0.121808,0.957776,-0.0989924
0.0251256,0.717815,-0.536348,0.910092,0.240225,0.12231,0.9579,-0.0987892
0.0502513,0.717541,-0.536132,0.91052,0.240049,0.122542,0.957917,-0.0987779
0.0753769,0.717771,-0.535655,0.910724,0.240255,0.122562,0.957848,-0.098919
0.100503,0.718349,-0.535001,0.910765,0.240724,0.122436,0.957722,-0.0991691
0.125628,0.719125,-0.534255,0.910699,0.24134,0.122229,0.957562,-0.0994871
0.150754,0.719985,-0.53348,0.910571,0.242016,0.121987,0.957387,-0.0998406
0.175879,0.72086,-0.532713,0.910407,0.242701,0.121739,0.95721,-0.100208
0.201005,0.721713,-0.531976,0.910222,0.243367,0.121496,0.957036,-0.100575
0.226131,0.722521,-0.531284,0.910027,0.244,0.121264,0.956871,-0.100928
0.251256,0.723267,-0.530656,0.909833,0.244587,0.121044,0.956719,-0.10125
0.276382,0.723931,-0.530114,0.909649,0.245117,0.120838,0.956584,-0.101521
0.301508,0.724501,-0.529675,0.909486,0.24558,0.120645,0.956472,-0.101725
0.326633,0.724967,-0.52935,0.909349,0.245973,0.120466,0.956383,-0.101851
0.351759,0.725332,-0.529135,0.909239,0.246295,0.1203,0.956318,-0.101901
0.376884,0.7256,-0.52902,0.909154,0.246552,0.120147,0.956275,-0.10188
0.40201,0.725784,-0.528987,0.909092,0.246748,0.12001,0.956252,-0.101802
0.427136,0.725898,-0.529012,0.909048,0.246892,0.119894,0.956242,-0.101687
0.452261,0.725961,-0.529068,0.909019,0.246992,0.119804,0.956241,-0.101557
0.477387,0.725989,-0.529133,0.909003,0.247056,0.119747,0.956246,-0.101432
0.502513,0.725993,-0.529189,0.908995,0.247089,0.119723,0.956251,-0.101324
0.527638,0.725978,-0.529233,0.908995,0.247096,0.119732,0.956257,-0.101237
0.552764,0.725944,-0.529262,0.909,0.247079,0.119769,0.956264,-0.101168
0.577889,0.725891,-0.529285,0.909012,0.247042,0.119829,0.956271,-0.10111
0.603015,0.725817,-0.52931,0.909032,0.246987,0.119905,0.956281,-0.101053
0.628141,0.725719,-0.529349,0.909064,0.246915,0.11999,0.956295,-0.100985
0.653266,0.725595,-0.529414,0.909108,0.246828,0.120078,0.956314,-0.100897
0.678392,0.725443,-0.529511,0.909167,0.246727,0.120165,0.95634,-0.100782
0.703518,0.725261,-0.52964,0.909239,0.246614,0.120248,0.956373,-0.100638
0.728643,0.725048,-0.529805,0.909323,0.246487,0.120325,0.956412,-0.100467
0.753769,0.7248,-0.530007,0.90942,0.246344,0.120396,0.956459,-0.100269
0.778894,0.724514,-0.53025,0.909531,0.246184,0.12046,0.956513,-0.100049
0.80402,0.724184,-0.530539,0.909658,0.246002,0.120518,0.956576,-0.0998085
0.829146,0.723807,-0.530876,0.909802,0.245796,0.120569,0.956647,-0.0995514
0.854271,0.723381,-0.53126,0.909964,0.245565,0.120614,0.956726,-0.0992799
0.879397,0.722906,-0.531683,0.910144,0.245307,0.120656,0.956814,-0.0989964
0.904523,0.72238,-0.532134,0.910341,0.245021,0.120698,0.956909,-0.0987036
0.929648,0.721799,-0.532598,0.910558,0.244702,0.120746,0.957013,-0.0984042
0.954774,0.721157,-0.533052,0.9108,0.244344,0.120811,0.957124,-0.0981018
0.979899,0.720445,-0.533476,0.911075,0.243938,0.120905,0.957243,-0.0977987
1.00503,0.719651,-0.533849,0.911387,0.243475,0.121037,0.957371,-0.0974945
1.03015,0.718756,-0.534152,0.911742,0.242947,0.121222,0.957508,-0.0971837
1.05528,0.717729,-0.534365,0.912147,0.242337,0.121479,0.957656,-0.0968521
1.0804,0.716507,-0.53445,0.912619,0.241617,0.121843,0.957819,-0.0964725
1.10553,0.714986,-0.534351,0.913185,0.240737,0.122374,0.958003,-0.0960005
1.13065,0.713023,-0.53399,0.913886,0.239628,0.123151,0.958219,-0.0953767
1.15578,0.710475,-0.533292,0.914762,0.238221,0.124254,0.958474,-0.0945402
1.1809,0.707241,-0.532202,0.91584,0.236469,0.125738,0.958776,-0.0934468
1.20603,0.703284,-0.530704,0.917132,0.234355,0.127617,0.959127,-0.0920756
1.23116,0.698616,-0.528811,0.918634,0.231887,0.129867,0.959527,-0.0904227
1.25628,0.693277,-0.526554,0.920338,0.229088,0.132442,0.959971,-0.0884889
1.28141,0.687307,-0.523969,0.922239,0.225979,0.135279,0.96046,-0.0862689
1.30653,0.680741,-0.521093,0.924336,0.222582,0.138307,0.96099,-0.0837494
1.33166,0.67361,-0.517962,0.92663,0.218914,0.141454,0.96156,-0.080917
1.35678,0.66596,-0.51461,0.929114,0.215002,0.144657,0.962167,-0.0777697
1.38191,0.657849,-0.511072,0.931773,0.210875,0.147862,0.96281,-0.0743227
1.40704,0.649353,-0.507375,0.934582,0.206572,0.151021,0.963482,-0.0706063
1.43216,0.640559,-0.503547,0.937509,0.202139,0.154079,0.964181,-0.0666604
1.45729,0.631562,-0.499605,0.940522,0.197626,0.15697,0.964902,-0.0625297
1.48241,0.622463,-0.495564,0.943585,0.193085,0.159616,0.965643,-0.05826
1.50754,0.613358,-0.491433,0.946666,0.188566,0.161942,0.9664,-0.0538954
1.53266,0.60433,-0.487227,0.949742,0.184113,0.163896,0.967171,-0.0494744
1.55779,0.595446,-0.482964,0.952801,0.179756,0.16545,0.967952,-0.0450292
1.58291,0.586763,-0.478672,0.95585,0.175519,0.166609,0.968739,-0.0405858
1.60804,0.578335,-0.474382,0.958914,0.17142,0.167387,0.969528,-0.0361658
1.63317,0.570225,-0.470136,0.962045,0.167478,0.167811,0.970312,-0.0317873
1.65829,0.562502,-0.465976,0.965311,0.163711,0.167908,0.971087,-0.0274662
1.68342,0.555238,-0.461947,0.968789,0.160139,0.167711,0.971845,-0.0232173
1.70854,0.548485,-0.458078,0.972533,0.156777,0.167256,0.972581,-0.0190546
1.73367,0.542277,-0.454385,0.976569,0.153635,0.166594,0.973287,-0.0149935
1.75879,0.536631,-0.450861,0.980893,0.150723,0.165793,0.973952,-0.011053
1.78392,0.531562,-0.44748,0.985485,0.148057,0.164951,0.974562,-0.00725951
1.80905,0.527093,-0.444197,0.99032,0.14566,0.164206,0.975092,-0.00365007
1.83417,0.523262,-0.440949,0.995371,0.143566,0.16373,0.975512,-0.000271555
1.8593,0.520109,-0.437673,1.00061,0.141811,0.163698,0.975791,0.00282635
1.88442,0.517659,-0.434321,1.00601,0.140424,0.164247,0.975904,0.00560223
1.90955,0.515911,-0.430877,1.01154,0.139414,0.165439,0.975843,0.00802937
1.93467,0.514835,-0.427364,1.01713,0.138776,0.167254,0.975613,0.0100932
1.9598,0.51438,-0.423848,1.02273,0.138494,0.169598,0.975236,0.0117824
1.98492,0.514487,-0.420437,1.02826,0.138549,0.172311,0.974744,0.0130793
2.01005,0.515088,-0.417273,1.03361,0.138923,0.175187,0.974178,0.0139563
2.03518,0.516117,-0.414518,1.03868,0.139598,0.177998,0.973582,0.0143813
2.0603,0.517511,-0.412312,1.04338,0.140554,0.180538,0.972997,0.014332
2.08543,0.519208,-0.410743,1.04763,0.141767,0.182662,0.972453,0.0138091
2.11055,0.521149,-0.409848,1.05138,0.143203,0.184288,0.971968,0.0128421
2.13568,0.52327,-0.409612,1.05459,0.144821,0.185387,0.971555,0.0114881
2.1608,0.525505,-0.409995,1.0572,0.146569,0.185962,0.971217,0.00982867
2.18593,0.527775,-0.410941,1.05914,0.148387,0.186035,0.970959,0.00796597
2.21106,0.530001,-0.412386,1.06032,0.15021,0.185629,0.970785,0.00601315
2.23618,0.532105,-0.414267,1.06067,0.151975,0.184773,0.970695,0.00407822
2.26131,0.534028,-0.416526,1.06013,0.153633,0.183495,0.970691,0.00224784
2.28643,0.535731,-0.41911,1.0587,0.155153,0.181822,0.970771,0.000580482
2.31156,0.537189,-0.421972,1.0564,0.156516,0.17977,0.970933,-0.000889754
2.33668,0.53839,-0.425074,1.05328,0.157712,0.177343,0.971176,-0.00214405
2.36181,0.539317,-0.428385,1.04939,0.158734,0.174527,0.971501,-0.00317037
2.38693,0.539955,-0.431878,1.04477,0.159576,0.171287,0.971911,-0.00395886
2.41206,0.540288,-0.435533,1.03947,0.160234,0.167588,0.972409,-0.00450215
2.43719,0.540308,-0.439327,1.03353,0.160706,0.163406,0.972997,-0.00479885
2.46231,0.540018,-0.443233,1.027,0.161002,0.158747,0.973671,-0.00485676
2.48744,0.539436,-0.447218,1.01996,0.161136,0.153652,0.974421,-0.00469355
2.51256,0.538589,-0.45124,1.01248,0.161133,0.148191,0.975233,-0.00433582
2.53769,0.537515,-0.455248,1.00461,0.161027,0.142464,0.976085,-0.00381769
2.56281,0.536254,-0.45918,0.996442,0.160858,0.13659,0.976952,-0.00317916
2.58794,0.534851,-0.46297,0.988029,0.160672,0.1307,0.977807,-0.00246317
2.61307,0.533346,-0.466557,0.979435,0.16051,0.124917,0.978622,-0.0017113
2.63819,0.531776,-0.469897,0.970713,0.160406,0.119339,0.979377,-0.000959998
2.66332,0.530173,-0.472967,0.961915,0.160387,0.114031,0.98006,-0.000239814
2.68844,0.528563,-0.475765,0.953086,0.160467,0.109028,0.980663,0.000421817
2.71357,0.526969,-0.478306,0.944266,0.160659,0.104343,0.981186,0.000995899
2.73869,0.525417,-0.480617,0.935492,0.160975,0.0999747,0.981628,0.00144781
2.76382,0.523933,-0.482737,0.9268,0.16143,0.0959121,0.981993,0.00173682
2.78894,0.522541,-0.484703,0.918221,0.162039,0.092141,0.982282,0.00182132
2.81407,0.521264,-0.486555,0.909785,0.162812,0.0886442,0.9825,0.00166832
2.8392,0.520115,-0.488325,0.90152,0.163749,0.0854028,0.982651,0.0012622
2.86432,0.5191,-0.490037,0.893456,0.164842,0.0823962,0.982741,0.000608445
2.88945,0.518216,-0.491712,0.885627,0.166072,0.0796018,0.982777,-0.000266883
2.91457,0.517456,-0.493369,0.878077,0.16741,0.0769944,0.982769,-0.00131944
2.9397,0.516811,-0.495027,0.870858,0.168822,0.0745457,0.982726,-0.00248961
2.96482,0.516268,-0.496707,0.864033,0.170267,0.0722255,0.982657,-0.00370785
2.98995,0.515814,-0.49843,0.857663,0.171706,0.0700047,0.982575,-0.00490374
3.01508,0.515437,-0.500208,0.851798,0.173102,0.0678595,0.982486,-0.00601689
3.0402,0.515126,-0.502046,0.846467,0.174431,0.0657748,0.982399,-0.00700466
3.06533,0.514871,-0.503936,0.841676,0.175673,0.0637459,0.982317,-0.00784395
3.09045,0.514661,-0.505855,0.837413,0.176819,0.0617785,0.982243,-0.00852834
3.11558,0.514485,-0.507771,0.833657,0.17786,0.0598888,0.982178,-0.00906369
3.1407,0.514333,-0.509639,0.830382,0.178792,0.0581019,0.982123,-0.00946404
3.16583,0.514193,-0.511407,0.827558,0.179609,0.0564491,0.982077,-0.00974815
3.19095,0.514055,-0.513025,0.825157,0.180308,0.0549618,0.982041,-0.00993641
3.21608,0.51391,-0.514452,0.823146,0.180887,0.0536643,0.982014,-0.0100482
3.24121,0.513753,-0.515662,0.821492,0.181351,0.0525687,0.981995,-0.0101003
3.26633,0.513585,-0.51665,0.820159,0.181707,0.0516731,0.981984,-0.0101068
3.29146,0.513407,-0.51743,0.819106,0.181968,0.0509624,0.981977,-0.0100792
3.31658,0.513229,-0.518025,0.818288,0.182152,0.0504108,0.981976,-0.0100279
3.34171,0.513059,-0.518474,0.817655,0.182279,0.0499833,0.981976,-0.00996271
3.36683,0.512913,-0.518818,0.817157,0.182373,0.0496397,0.981977,-0.00989318
3.39196,0.512803,-0.519103,0.816743,0.182458,0.0493395,0.981977,-0.00982799
3.41709,0.512741,-0.519367,0.816371,0.182553,0.0490475,0.981973,-0.00977419
3.44221,0.512731,-0.519638,0.81601,0.182671,0.0487385,0.981965,-0.00973654
3.46734,0.512777,-0.519933,0.81564,0.18282,0.0483981,0.981952,-0.00971732
3.49246,0.512874,-0.520259,0.815252,0.183,0.0480223,0.981935,-0.00971671
3.51759,0.513015,-0.520612,0.814847,0.183209,0.0476153,0.981914,-0.00973317
3.54271,0.513187,-0.520984,0.814432,0.183437,0.0471875,0.98189,-0.00976398
3.56784,0.513379,-0.521361,0.814017,0.183674,0.0467537,0.981864,-0.00980559
3.59296,0.513576,-0.521728,0.813615,0.183908,0.0463305,0.981838,-0.0098542
3.61809,0.513765,-0.522072,0.813237,0.184131,0.0459328,0.981814,-0.00990625
3.64322,0.513937,-0.522381,0.812894,0.184332,0.0455722,0.981791,-0.00995883
3.66834,0.514086,-0.522649,0.81259,0.184507,0.0452559,0.981771,-0.0100098
3.69347,0.514209,-0.522873,0.812328,0.184655,0.0449866,0.981754,-0.010058
3.71859,0.514307,-0.523055,0.812107,0.184776,0.0447637,0.981741,-0.0101024
3.74372,0.51438,-0.523196,0.811924,0.184871,0.0445843,0.981729,-0.0101428
3.76884,0.514434,-0.523302,0.811775,0.184944,0.0444438,0.98172,-0.010179
3.79397,0.514471,-0.523377,0.811656,0.185,0.0443371,0.981713,-0.0102111
3.8191,0.514495,-0.523427,0.811562,0.185041,0.0442588,0.981708,-0.0102391
3.84422,0.514512,-0.523456,0.811489,0.185071,0.044204,0.981703,-0.0102632
3.86935,0.514523,-0.523468,0.811432,0.185093,0.0441686,0.981699,-0.0102838
3.89447,0.51453,-0.523467,0.81139,0.185108,0.0441493,0.981696,-0.0103012
3.9196,0.514536,-0.523454,0.811359,0.18512,0.0441437,0.981693,-0.0103159
3.94472,0.51454,-0.52343,0.811339,0.185127,0.0441499,0.98169,-0.0103284
3.96985,0.514543,-0.523398,0.811327,0.185132,0.0441668,0.981687,-0.0103393
3.99497,0.514546,-0.523357,0.811323,0.185133,0.0441933,0.981684,-0.0103494
4.0201,0.514548,-0.523307,0.811326,0.185132,0.0442289,0.981682,-0.0103595
4.04523,0.514549,-0.523249,0.811335,0.185128,0.044273,0.98168,-0.0103701
4.07035,0.51455,-0.523183,0.811349,0.185122,0.0443252,0.981677,-0.0103818
4.09548,0.514551,-0.52311,0.811368,0.185113,0.0443848,0.981675,-0.0103949
4.1206,0.514552,-0.523029,0.811392,0.185102,0.0444514,0.981674,-0.0104095
4.14573,0.514552,-0.522942,0.81142,0.185089,0.0445246,0.981672,-0.0104258
4.17085,0.514553,-0.522848,0.811453,0.185074,0.044604,0.98167,-0.0104438
4.19598,0.514555,-0.52275,0.81149,0.185058,0.0446895,0.981668,-0.0104635
4.22111,0.514559,-0.522646,0.811531,0.18504,0.0447812,0.981666,-0.0104848
4.24623,0.514565,-0.522537,0.811578,0.185022,0.0448789,0.981665,-0.0105079
4.27136,0.514575,-0.522424,0.811631,0.185002,0.0449825,0.981663,-0.0105326
4.29648,0.514588,-0.522308,0.811689,0.184983,0.0450916,0.98166,-0.0105587
4.32161,0.514605,-0.522189,0.811751,0.184963,0.0452052,0.981658,-0.0105862
4.34673,0.514626,-0.52207,0.811818,0.184944,0.0453219,0.981655,-0.0106146
4.37186,0.514652,-0.521952,0.811888,0.184925,0.0454398,0.981652,-0.0106435
4.39698,0.514683,-0.521837,0.81196,0.184909,0.0455563,0.981649,-0.0106723
4.42211,0.514719,-0.52173,0.812032,0.184895,0.0456684,0.981646,-0.0107004
4.44724,0.514761,-0.521634,0.812101,0.184886,0.0457725,0.981642,-0.0107269
4.47236,0.514809,-0.521553,0.812167,0.184881,0.0458653,0.981638,-0.0107513
4.49749,0.514864,-0.521488,0.812229,0.184882,0.0459445,0.981634,-0.0107729
4.52261,0.514926,-0.521441,0.812284,0.184888,0.0460087,0.981629,-0.0107914
4.54774,0.514994,-0.521412,0.812333,0.184901,0.0460585,0.981624,-0.010807
4.57286,0.515066,-0.521397,0.812378,0.184917,0.0460963,0.981618,-0.0108202
4.59799,0.51514,-0.521392,0.81242,0.184936,0.0461266,0.981613,-0.0108317
4.62312,0.515214,-0.521388,0.812464,0.184954,0.0461563,0.981608,-0.0108432
4.64824,0.515284,-0.521374,0.812512,0.184968,0.0461942,0.981603,-0.0108564
4.67337,0.515344,-0.52134,0.812571,0.184973,0.0462511,0.981598,-0.0108739
4.69849,0.515392,-0.521271,0.812646,0.184965,0.0463383,0.981595,-0.0108985
4.72362,0.515422,-0.521155,0.812742,0.18494,0.0464667,0.981593,-0.0109336
4.74874,0.515434,-0.520981,0.812861,0.184894,0.0466447,0.981592,-0.010983
4.77387,0.515426,-0.520741,0.813006,0.184828,0.0468785,0.981593,-0.0110514
4.79899,0.515402,-0.520427,0.813175,0.184741,0.0471725,0.981594,-0.0111455
4.82412,0.515365,-0.520032,0.813365,0.184636,0.0475301,0.981595,-0.011275
4.84925,0.515323,-0.519546,0.813571,0.184518,0.0479555,0.981594,-0.0114538
4.87437,0.515286,-0.518955,0.813787,0.184391,0.0484549,0.981592,-0.0117018
4.8995,0.515267,-0.518238,0.814003,0.184263,0.0490372,0.981584,-0.0120441
4.92462,0.515279,-0.517374,0.814211,0.18414,0.0497131,0.98157,-0.0125097
4.94975,0.515336,-0.516338,0.814403,0.18403,0.0504933,0.981547,-0.0131277
4.97487,0.515451,-0.515113,0.81457,0.183939,0.0513864,0.981513,-0.013922
5,0.515632,-0.513687,0.814707,0.183872,0.0523973,0.981468,-0.0149088
