time,right_s0,right_s1,right_e0,right_e1,right_w0,right_w1,right_w2
0.077101,0.273211638391,-0.445176180186,-0.00355365748215,0.468858207887,0.879984627117,0.0536448719885,-0.0540487247174
0.100374,0.273436847489,-0.445220843999,-0.00349568647992,0.469474187363,0.879648772933,0.0538936856682,-0.053921186214
0.200422,0.273018911661,-0.444791673138,-0.00375168877697,0.469009526392,0.879869482207,0.0539227500738,-0.0543331893018
0.300723,0.273601143763,-0.445101573508,-0.00366282270747,0.467860188087,0.880515015562,0.0536031759821,-0.0541003816826
0.400553,0.274013836181,-0.445618348699,-0.00356412041025,0.468986837824,0.879952513664,0.0536983771175,-0.0533985387363
0.500334,0.273988831713,-0.445564954231,-0.00353194672077,0.468310714415,0.880283248683,0.0537929939049,-0.0537846693633
0.600532,0.273675249984,-0.445679439582,-0.00358173882993,0.469013550965,0.879912414898,0.0536811195116,-0.0538402129126
0.700289,0.273588903104,-0.445770937626,-0.00338367614235,0.468669385033,0.880097256545,0.0536706372848,-0.0538264734925
0.800419,0.274184921236,-0.445997735062,-0.00349625380747,0.468836104116,0.880051315506,0.0535052949036,-0.0532876436929
0.900581,0.273802768459,-0.44549394857,-0.00368933228155,0.46819564527,0.880352139361,0.053528328311,-0.0539227831385
1.000340,0.273892703122,-0.445279648151,-0.00342770404255,0.468142757019,0.880373237084,0.0537653351027,-0.0538015912239
1.100743,0.27402867438,-0.445733513049,-0.00342548482316,0.468167209144,0.880393378138,0.0535446487691,-0.0534783563842
1.200454,0.273729263712,-0.444999333876,-0.0036865350627,0.468324757442,0.880246557716,0.0538539337454,-0.0542003045817
1.300289,0.273716146357,-0.445252523265,-0.00350643371304,0.468481351982,0.880178551248,0.053821825269,-0.0539828851845
1.400555,0.273619195854,-0.445106052812,-0.00358810867747,0.468329540356,0.880245257344,0.0538236773266,-0.0542101495367
1.500310,0.274016938259,-0.445289584916,-0.0033831005921,0.467826067948,0.880540707668,0.053711157441,-0.0538696932721
1.600380,0.273631204725,-0.445586286651,-0.00332415873369,0.468975978215,0.8799291662,0.0538211879193,-0.0537538283059
1.700363,0.27375144185,-0.44568200289,-0.00344644159276,0.468980559986,0.879944241358,0.0537112715775,-0.0535767278069
1.800585,0.274019885612,-0.445773251897,-0.00342017543897,0.468827147031,0.880038673644,0.0536375638965,-0.0534420324939
1.900482,0.273679569326,-0.445084761715,-0.00355487056557,0.468155462951,0.880352636529,0.0537979550019,-0.0539951655594
2.000315,0.273919565654,-0.444809130446,-0.00348432535199,0.46796517989,0.880433751185,0.053936821913,-0.0541832024432
2.100265,0.273921373858,-0.445051187504,-0.00350153511764,0.468635045753,0.880091384257,0.0539233573354,-0.0539687018728
2.200725,0.273473783317,-0.444953665925,-0.00357176646016,0.469138842675,0.87980841114,0.054036238331,-0.0540924294953
2.300367,0.273632216647,-0.445150571615,-0.00345182188172,0.468651301968,0.880086408542,0.0538521706776,-0.0539797589589
2.400444,0.273770597789,-0.445251021625,-0.00349788390543,0.468956658752,0.87991969146,0.0540069891642,-0.0538909446388
2.500326,0.273651002715,-0.444719058335,-0.0035058872271,0.468457621443,0.88015483702,0.0540907474276,-0.0543057163093
2.600498,0.273437801982,-0.444524143162,-0.00363273596968,0.468470318541,0.880134112598,0.0541232962849,-0.0544992962018
2.700493,0.273965421676,-0.445441435754,-0.0034454355367,0.468981144826,0.879940668657,0.0537227977182,-0.0536187135815
2.800415,0.274330906448,-0.445678621339,-0.00333863140122,0.468641416476,0.880149612427,0.0536343075455,-0.053247005198
2.900432,0.273171657641,-0.445008016428,-0.00365817196413,0.468833345453,0.879962462996,0.0539368869614,-0.0543338764807
3.000252,0.273003277918,-0.444401402179,-0.00343889268156,0.468944153043,0.879854230356,0.054237546929,-0.0548288533056
3.100502,0.272747198306,-0.444652524802,-0.00361123957559,0.46916200998,0.879758756197,0.0540321517481,-0.054699779374
3.200543,0.272482598848,-0.443446158545,-0.00362745932021,0.468279659309,0.880130072793,0.0545469497145,-0.0557659925104
3.300607,0.272752809127,-0.444039853956,-0.00360924748719,0.468632359786,0.88000279091,0.0543468491775,-0.0550019939284
3.401358,0.272160188691,-0.443617975564,-0.00364353210494,0.468977395334,0.879777253401,0.0544183257687,-0.0555952595459
3.500314,0.272590475555,-0.444056050991,-0.00355311120344,0.469460683356,0.87956038817,0.0543878195601,-0.0549741341769
3.600409,0.27278158413,-0.444144425729,-0.00366946281155,0.468156616636,0.880260536463,0.0541882408543,-0.0550854318257
3.700298,0.272372974182,-0.443552542723,-0.00352928247255,0.46794686391,0.880308294225,0.0545384304123,-0.055754813997
3.800455,0.271942759123,-0.443550753371,-0.00348688545973,0.468465008759,0.880001974437,0.0546305316463,-0.0561477120434
3.900349,0.272758967942,-0.44359976464,-0.0034981133335,0.468588838618,0.879977527408,0.0545754641359,-0.055547909895
4.000323,0.272294840698,-0.443076656802,-0.0035519880838,0.46889245263,0.879748933427,0.0549963251389,-0.0561879544137
4.100458,0.272850764661,-0.44359088285,-0.00355906456492,0.468901027833,0.879823189445,0.0546688909082,-0.0552656654631
4.200514,0.272228629263,-0.443471578667,-0.00351021437255,0.468458565222,0.880021989897,0.0545153848649,-0.0559994891048
4.300536,0.272598427864,-0.443755953885,-0.00357043166401,0.468458127902,0.880066637045,0.0544056678169,-0.0554050545739
4.400358,0.273055953902,-0.444158345597,-0.00341138846905,0.46891879862,0.879846423021,0.0544594161137,-0.0549509253246
4.500328,0.272326207265,-0.443617940505,-0.00342644240582,0.468442624212,0.880042212007,0.0545922446535,-0.0557395706044
4.600245,0.272364520111,-0.443450485568,-0.00339835651359,0.469396043571,0.879515354125,0.0547854757746,-0.0558448545735
4.700444,0.272544247376,-0.443859418956,-0.00346669643245,0.468768596488,0.879899643606,0.0545045802603,-0.0553341744228
4.800462,0.2729006773,-0.444273548153,-0.00355041260709,0.468933489959,0.879830475546,0.0543464988153,-0.0551921585138
4.900492,0.272975040914,-0.444035536747,-0.00339083057978,0.468739320258,0.879927281433,0.0545280237483,-0.0551191768848
5.000361,0.272488902129,-0.444101571686,-0.0035496478709,0.469431792968,0.879530661252,0.0545776992952,-0.0555056970765
5.100424,0.273168973223,-0.444226933783,-0.00333636314789,0.468764908827,0.879945464117,0.0543102928701,-0.0548254732788
5.200442,0.272575184097,-0.443944009734,-0.00355938948306,0.468450296979,0.88005914883,0.0543855123479,-0.0556096202821
5.300412,0.272360631802,-0.443609341107,-0.00355405546162,0.46891662047,0.879773348181,0.0547283421703,-0.0558647244811
5.400461,0.273631066245,-0.444748394701,-0.00333904531768,0.468760625516,0.879979792866,0.0541385037454,-0.0544799277375
5.500596,0.273659575986,-0.444955575321,-0.00328514806555,0.46890231496,0.879900104482,0.0543075258702,-0.0543793875644
5.600367,0.273949796198,-0.445257965257,-0.00345064711391,0.468944660274,0.879925037534,0.054014370382,-0.0539006652513
5.700418,0.273641555422,-0.444689569972,-0.00337272058202,0.468090709755,0.88032126552,0.0541970929998,-0.0546647237737
5.800287,0.273304623914,-0.444485132494,-0.00354119885582,0.468927249383,0.879860017183,0.0543198233883,-0.0547991034125
5.900524,0.273588763754,-0.444600031565,-0.00341349040449,0.468746113125,0.879969001128,0.0543126740446,-0.0546056033932
6.000284,0.27393278408,-0.444831606493,-0.00344132233386,0.468574934301,0.880075443108,0.0542315704564,-0.0544397111316
6.100551,0.273714962269,-0.444850382731,-0.00339366082512,0.468253168272,0.880251604267,0.0541289897384,-0.0544622443351
6.200734,0.273564250783,-0.445050854944,-0.00338559016313,0.469419697505,0.879625530369,0.0542619057194,-0.054403304177
6.300541,0.273898573533,-0.444643702734,-0.00352120769287,0.468406924106,0.880149834902,0.0542814813056,-0.054632795633
6.400609,0.273645356338,-0.445173076465,-0.00340887633753,0.469260861103,0.879727679275,0.0541470631333,-0.0542360591148
6.500340,0.273816825817,-0.444783265411,-0.00348680273518,0.468908162636,0.879898137494,0.0542519856038,-0.0544162173024
6.600411,0.272848815081,-0.444553186274,-0.0032687428327,0.468758636232,0.879936106381,0.0543881263489,-0.0549519913909
6.700316,0.272901047183,-0.443613799034,-0.00338291480501,0.468233345364,0.880149372951,0.0546719958026,-0.0557278068656
6.800436,0.273444044964,-0.444323560327,-0.00359965751991,0.468720955698,0.879934390798,0.0545961291435,-0.0550944304257
6.900481,0.272220699876,-0.443543448421,-0.00326264689577,0.468877608668,0.879760557689,0.0549406728694,-0.0561842655032
7.000315,0.271206962979,-0.44152846497,-0.00351194376783,0.46853472938,0.879811826263,0.0555307240893,-0.0576428348888
7.100469,0.270493781855,-0.441094932631,-0.00358281842409,0.468522647993,0.879771525731,0.0558032046466,-0.0580912487484
7.200403,0.27095704263,-0.441477760331,-0.00340337985408,0.469178433393,0.879469826104,0.0555923156934,-0.0575666313679
7.300611,0.271713954463,-0.442718634293,-0.0034193386618,0.469064168236,0.879644096683,0.0550444709756,-0.0563486953087
7.400390,0.273870906638,-0.444526915809,-0.00361346742053,0.467820959553,0.880541265383,0.0538049499879,-0.0538113103113
7.500475,0.274449590672,-0.446370950889,-0.00342592518314,0.468866766942,0.880094766107,0.0532126552449,-0.0525886950819
7.600329,0.277420565326,-0.449214524359,-0.00358604165774,0.469018398793,0.880422626814,0.0509825956869,-0.0477337901657
7.700442,0.281868498866,-0.454729111279,-0.0036888638677,0.46756985077,0.881847509379,0.0464642936374,-0.0395534356202
7.800321,0.287555412003,-0.459753328642,-0.00438024975822,0.465316331038,0.883643400002,0.0414054532069,-0.0306698899007
7.900261,0.296299946648,-0.466580333007,-0.00533828983546,0.460927104422,0.886583197359,0.0345141244455,-0.0180336846766
8.000447,0.306380561957,-0.471991192603,-0.00597442753516,0.454694229483,0.890194775602,0.02788962899,-0.00534675236526
8.100526,0.315890582165,-0.474335796976,-0.00581519550103,0.448767922613,0.893340858983,0.0229748471949,0.00464948394193
8.200529,0.325879200482,-0.475340031646,-0.00583196214633,0.443795229368,0.895804617071,0.0195353242686,0.0140802532117
8.300368,0.337561817214,-0.47709130096,-0.0055776686326,0.436254527508,0.899347928321,0.0154352473928,0.0248403742267
8.400363,0.349992862987,-0.478778717226,-0.00415681905193,0.426622648687,0.903710783987,0.0119602946514,0.0340130252145
8.500612,0.363515102233,-0.479688784589,-0.00319566241483,0.416156217884,0.908298944586,0.00973617019712,0.0413791803943
8.600503,0.377028233886,-0.48126955384,-0.00273187024018,0.406550859424,0.91238913417,0.00856263843332,0.0467883294484
8.700576,0.392745745476,-0.484959475823,-0.0029504396716,0.397223156484,0.916173703179,0.00689677740834,0.0528388495032
8.800367,0.409984421524,-0.489206319233,-0.00339526319756,0.389097805227,0.919300914147,0.00550815178455,0.0588080562531
8.900631,0.431312644741,-0.49502138057,-0.00205434735449,0.379823824172,0.922553518181,0.00345743730912,0.0679478830452
9.000364,0.452537256398,-0.500428060345,-0.000601205261338,0.370741467931,0.925474275782,0.000781802774526,0.0777657868671
9.100613,0.473779253839,-0.504248131833,0.000883060930256,0.360660724604,0.928611840689,-0.00193163295838,0.087178895697
9.200543,0.497052945466,-0.507588244418,0.00333568855568,0.349991147393,0.93162136227,-0.00447336155162,0.0978152500625
9.300515,0.516857770029,-0.506582132499,0.0045018776281,0.339674523379,0.934880953289,-0.00466276577562,0.102942119465
9.400493,0.536616618598,-0.50228433832,0.00701823675276,0.327588127219,0.939023652234,-0.00270330739187,0.104466700811
9.500298,0.554308591524,-0.494849370853,0.0094710123776,0.318986821887,0.942294413176,0.00142671271195,0.101619933334
9.600462,0.574060151407,-0.486628119454,0.0142231047914,0.315314296216,0.943709326239,0.0068695204872,0.0997116435486
9.700350,0.598706062974,-0.479292437814,0.0215628250224,0.314572135901,0.943470218613,0.0114118336698,0.103817570559
9.800481,0.625594509371,-0.473101886892,0.0295996797014,0.315624048246,0.942155966629,0.0149573364444,0.111802830024
9.900457,0.654681478772,-0.46673306499,0.0363190662556,0.31758748673,0.939959149885,0.0180142032344,0.123654653377
10.000351,0.685274024856,-0.460918888561,0.0419340224647,0.320524048788,0.936774697353,0.0205643088376,0.138905038605
10.100434,0.716195946365,-0.455326967956,0.0466749925471,0.330750228626,0.930764760526,0.0250193154683,0.153802733008
10.200394,0.748402322673,-0.450078494906,0.0513990305277,0.342226735348,0.923831665726,0.0301071553163,0.168847488028
10.300512,0.778266576061,-0.443671037102,0.055902849889,0.352159688661,0.917575909768,0.0359792771028,0.180951637503
10.400407,0.803634617673,-0.43803380822,0.0586043349462,0.361049796698,0.912331006694,0.041523317177,0.188602737677
10.500291,0.828652844906,-0.432031057006,0.0617712152195,0.366181201389,0.908565546089,0.0472397575676,0.195418477925
10.600478,0.85653444849,-0.428698705947,0.0674291646371,0.371830782561,0.903066412726,0.0526716076167,0.208419349145
10.700456,0.885447549075,-0.427229464407,0.0725813368107,0.381589315665,0.894946533038,0.0596464378687,0.223388897718
10.800485,0.914756548924,-0.426222080934,0.077922582199,0.393117898537,0.885522034024,0.0678036522007,0.238142205114
10.900388,0.940962393518,-0.425377290043,0.0810648814015,0.402693131917,0.877225074039,0.0749799528615,0.250384539565
11.000387,0.962292467835,-0.422754233918,0.0831087962569,0.406231425227,0.872524484707,0.0806755353759,0.259168884583
11.100565,0.97864522395,-0.420825811561,0.0849470901059,0.41058484378,0.868224643432,0.0856139583537,0.265096783706
11.200775,0.994874499975,-0.418677175225,0.0872778441849,0.409757421734,0.865408820954,0.089384152312,0.274184064572
11.300281,1.00883211186,-0.416277326626,0.0905668234078,0.410626692678,0.861798152251,0.0938299701605,0.282640408887
11.400450,1.02099910579,-0.413117501305,0.0900437554556,0.410062797719,0.858959110285,0.0976172329669,0.290703671482
11.500289,1.03368126677,-0.412874602451,0.0890470202916,0.410091303757,0.854156113903,0.101171066731,0.30332634393
11.600422,1.04695092805,-0.411264100008,0.0830084981998,0.409448073384,0.847788063729,0.105437155374,0.320141656875
11.700471,1.0605508473,-0.411796572869,0.0754354998905,0.408073604571,0.839303643996,0.10965069764,0.34208485926
11.800319,1.07092265828,-0.412097421802,0.0657842133182,0.40589121876,0.832142487434,0.112637266956,0.360699383466
11.900465,1.07983409215,-0.413035930409,0.0593930436685,0.402869991434,0.825528316331,0.115046141593,0.378104686882
12.000355,1.08424187619,-0.412604057736,0.0532657430375,0.400879384391,0.822097294868,0.116398412533,0.387173302929
12.100435,1.08707027441,-0.409176794307,0.0490154094348,0.398426897779,0.822431430273,0.117045166088,0.388796834761
12.200489,1.09009387004,-0.404939997989,0.0449744904497,0.401230264305,0.822443831102,0.120054716669,0.384951015967
12.300400,1.09400633037,-0.402050325142,0.0417458775731,0.401815950322,0.82334281373,0.121618513268,0.381915553986
12.400634,1.0987276026,-0.399339905088,0.0405288522887,0.404363183787,0.821755624201,0.124991040144,0.381556482812
12.500428,1.10146321085,-0.398867455818,0.0384570865011,0.404455826492,0.820777747351,0.126065608651,0.383205997063
12.600464,1.10488584425,-0.39927924106,0.0411988725557,0.403942069694,0.817923307287,0.12787263952,0.389205415931
12.700524,1.10783612428,-0.399790585374,0.0453146440137,0.402817960227,0.815940136141,0.12905644018,0.394111431452
12.800502,1.11075646294,-0.401784785023,0.0502986468241,0.40179452149,0.813584771896,0.129528314758,0.399829209933
12.900450,1.11677196743,-0.404306082487,0.0582740204219,0.399836911516,0.808640642356,0.131524452373,0.411013471978
13.000396,1.12218082169,-0.40790344874,0.0662009701705,0.397794261005,0.803669475811,0.132684690276,0.422220170677
13.100414,1.12661362497,-0.410916790837,0.0776214964974,0.39460633974,0.800914806465,0.132195105753,0.430518017553
13.200401,1.13010966232,-0.412362697271,0.0932785976144,0.393873073066,0.798722164311,0.133316855618,0.434894840806
13.300408,1.13081811606,-0.412910982469,0.113389439398,0.394526585152,0.799621291993,0.133800812805,0.432494977419
13.400254,1.12651810482,-0.412696433982,0.134754213861,0.394765968325,0.805458727568,0.130829749947,0.4222317432
13.500408,1.12135492652,-0.412110602386,0.162322478345,0.394929752578,0.810820191283,0.128331839717,0.412470661807
13.600296,1.11563883215,-0.413044236549,0.191668481577,0.396959766993,0.813746234522,0.127347089144,0.404997195147
13.700277,1.11108327324,-0.414647117794,0.221903046996,0.397200304524,0.814829068497,0.12665442337,0.402795437237
13.800365,1.10602668048,-0.416672079622,0.249599499166,0.398419554011,0.814959080919,0.126354417285,0.401420124858
13.900457,1.09961592978,-0.418288874371,0.266277110693,0.399401196106,0.81672212108,0.124306379872,0.397481553548
14.000521,1.09632079892,-0.421203921187,0.279937557481,0.400082143561,0.816417818959,0.123168269913,0.397776068382
14.100386,1.0946620267,-0.422876670103,0.283731801158,0.401041369197,0.816274088465,0.122460099937,0.397323491145
14.200516,1.09395650063,-0.423051227591,0.280693375782,0.401300089991,0.81711530216,0.121797172551,0.395532893079
14.300388,1.0920839231,-0.422113224029,0.268745889233,0.401901097965,0.819719158445,0.119567538568,0.390178949269
14.400488,1.08872269894,-0.421224811156,0.248808087166,0.404047006264,0.823281184578,0.117055730983,0.381119487423
14.500333,1.08666941619,-0.419217060823,0.223110775125,0.406326339441,0.826089974005,0.115275574727,0.37307613512
14.600500,1.0856869459,-0.415638214866,0.192969418863,0.408412472734,0.827543454715,0.115314104358,0.36752379516
14.700478,1.08398725841,-0.413351023024,0.160314324057,0.408611237324,0.828337216033,0.112783853142,0.366297851124
14.800430,1.08201225675,-0.410380457462,0.127637529211,0.408863278253,0.827593422082,0.11121419013,0.368172991048
14.900352,1.077981864,-0.406658940246,0.0950066294386,0.410620555805,0.826357261251,0.110316946788,0.369262247161
15.000431,1.07084485875,-0.400639673352,0.0642237456659,0.412402603397,0.826743634401,0.109309676802,0.366702127408
15.100411,1.06212580521,-0.394748426805,0.0370488646703,0.414609070818,0.82759413128,0.107956211757,0.362674411297
15.200450,1.05503306586,-0.388421650204,0.0186369071158,0.41563665037,0.82785489942,0.108142773664,0.360842875611
15.300379,1.05124431691,-0.384030834202,0.00964517539377,0.416786481041,0.82570886858,0.109819241486,0.363914313773
15.400438,1.04986581005,-0.378950284253,0.00809615012436,0.416334443901,0.823848110846,0.112156698846,0.367914114952
15.500272,1.04976159635,-0.37867128304,0.00874089865619,0.415493854624,0.823007262711,0.112444816633,0.370648169438
15.600464,1.05192994978,-0.379853037065,0.0118466685598,0.415561414231,0.821729360398,0.113284316541,0.373143716132
15.700306,1.05704905645,-0.38148779991,0.0206760182679,0.414563034765,0.819110060779,0.115100165459,0.379404995287
15.800618,1.06482413573,-0.38249112462,0.0373984809108,0.413556680246,0.814833313111,0.119070267418,0.38838101844
15.900394,1.07053214897,-0.38476311488,0.0561019672516,0.41342653295,0.811350059691,0.122103345954,0.394816863114
16.000285,1.07649786572,-0.385882889788,0.0802972973792,0.413030332986,0.808397507845,0.125589166953,0.400158436731
16.100454,1.08171474387,-0.388371595791,0.106329104366,0.412820186934,0.806123566756,0.128137662654,0.404134912858
16.200250,1.08606019634,-0.391492043172,0.134579190388,0.410450329147,0.805930893774,0.128304902056,0.406870709037
16.300453,1.08892606773,-0.392275131815,0.164225803499,0.410366492129,0.805905171091,0.12998330113,0.406473294048
16.400325,1.08982105395,-0.396767187244,0.194665602936,0.412221861505,0.805530006771,0.130285629591,0.405240915766
16.500531,1.09026958154,-0.399854124597,0.224922465615,0.412349187205,0.805746809624,0.130016681011,0.404766462606
16.600362,1.08898110617,-0.403442244122,0.252937358986,0.413581542911,0.805978518375,0.130020404169,0.4030429627
16.701307,1.08612424665,-0.407751286817,0.276088166416,0.415197637383,0.806507630819,0.129332551153,0.400536458458
16.800485,1.08317672098,-0.409515733786,0.290267220604,0.416689641886,0.808014600527,0.128768951599,0.396106936046
16.900321,1.08088872227,-0.411175472774,0.294962165742,0.417998156626,0.809574696767,0.127817230859,0.391827904707
17.000329,1.07943078941,-0.413286957025,0.291468819784,0.419564494698,0.810159840341,0.126532644388,0.389353512622
17.100331,1.07696652163,-0.412382021799,0.275574597988,0.420392686724,0.814022642269,0.12321558504,0.381385692476
17.200447,1.07334403832,-0.411420813496,0.249026268083,0.422795305828,0.819028549383,0.118543965232,0.369301628717
17.300290,1.0704102359,-0.407404652369,0.217852522657,0.423137912489,0.824336987689,0.11440688619,0.358237214892
17.400417,1.06699095167,-0.40670249071,0.180866426779,0.42400157227,0.827508956882,0.109418167936,0.351396154673
17.500348,1.06459060767,-0.404474952078,0.146661327294,0.423460912139,0.828496959171,0.106658043496,0.350567691456
17.600430,1.05981713748,-0.40059012095,0.110240168882,0.425897552689,0.828002943823,0.106961793774,0.348685494831
17.700368,1.05240770437,-0.395224529807,0.073479596392,0.424639159483,0.829802340854,0.104643015053,0.34664030168
17.800530,1.0442578655,-0.391313209193,0.0411805015404,0.423952821404,0.830435637318,0.102813906082,0.346511122783
17.900457,1.0382825306,-0.386281804962,0.0163083176337,0.421886255058,0.829312932582,0.103488028358,0.351485811424
18.000529,1.03428376426,-0.384427305618,0.00038359284302,0.419239614351,0.827065616955,0.103982551941,0.359705768513
18.100417,1.03146956984,-0.381467192282,-0.00777617836634,0.417026230414,0.825676388677,0.104999367008,0.365133889492
18.200722,1.03069398686,-0.382034240145,-0.00785088294184,0.41678419389,0.824833293453,0.104749651188,0.367380571493
18.300599,1.0328376979,-0.380791713914,-0.00297289233355,0.415794297198,0.824722890609,0.105864464725,0.368429058613
18.400532,1.03717476913,-0.382779249723,0.00619308566461,0.415796675104,0.821988560902,0.107695427632,0.373964738425
18.500287,1.04629298886,-0.385532592562,0.0247657858945,0.414406608612,0.81777524572,0.111255746907,0.383579156115
18.600451,1.05714865854,-0.388752006824,0.0496369643089,0.409868356942,0.813878037758,0.114015229344,0.395741073318
18.700277,1.06924080009,-0.39248004604,0.0797194086657,0.408650656491,0.807305253888,0.119415938118,0.408659640431
18.800508,1.07880680376,-0.397290380471,0.11066779272,0.408809599493,0.802514822477,0.123415975146,0.416669135101
18.900320,1.08617980008,-0.402320302886,0.141321732339,0.410534736459,0.799194251967,0.126688800291,0.420356664827
19.000362,1.09229103117,-0.406452832118,0.173651602987,0.411714967014,0.797878785705,0.128914809247,0.421023991259
19.100428,1.09597078992,-0.412048564312,0.206523026508,0.412970161174,0.797889337506,0.129164119784,0.419696177293
19.200421,1.0990179591,-0.419847647517,0.242094627049,0.414326991444,0.796817728979,0.128792704279,0.420508133417
19.300469,1.0995523753,-0.425025699258,0.272396735679,0.415651674322,0.797118249736,0.128293356784,0.418780367467
19.400444,1.09770795185,-0.429354058428,0.29345047029,0.417493191574,0.798846881133,0.127508007291,0.413865683005
19.500160,1.09537517665,-0.431911857906,0.308126410285,0.419109999145,0.800923819383,0.126737807941,0.408418134025
19.600405,1.09307241815,-0.432559789017,0.311967863221,0.419942573852,0.8035470103,0.125272202864,0.402824170196
19.700447,1.09138966604,-0.430878882044,0.305569626562,0.421034673998,0.805336191168,0.124708509918,0.398260229046
19.800477,1.08830601828,-0.429515906114,0.291371360772,0.422527327046,0.808455413644,0.122609317715,0.39094431478
19.900385,1.08353058156,-0.426825219313,0.265861686652,0.423948619086,0.813451262389,0.118439717297,0.380179754142
20.000204,1.08064501768,-0.424033497592,0.233662398342,0.424890275869,0.81629178401,0.115011617568,0.374043185548
20.100401,1.0795109839,-0.419789844889,0.198680172475,0.423446737125,0.817135446249,0.112788627266,0.37451468444
20.200439,1.07732554142,-0.415925306362,0.164403736474,0.420642444063,0.816399138759,0.110803604837,0.379835413885
20.300348,1.07084114905,-0.410134486338,0.127741744958,0.418467562719,0.816497434079,0.108906623284,0.382565270902
20.400425,1.06104864312,-0.404224837918,0.0931124817229,0.416793076681,0.817304344334,0.106404361312,0.383373514809
20.500292,1.04737303007,-0.3963312985,0.0586563462429,0.416082069933,0.821112620324,0.103028954106,0.376875059456
20.600455,1.03307983169,-0.386793398533,0.0299428345854,0.416055307216,0.825955746409,0.100144578674,0.366968867445
20.700562,1.02079109085,-0.378455598527,0.00846992163028,0.414850198682,0.830652178803,0.0972860621588,0.358401580093
20.800352,1.01392924327,-0.373936634699,-0.000310164328842,0.413710567854,0.83204857665,0.0965237560688,0.356681786268
20.900439,1.01019371874,-0.371007551342,-0.00303270543027,0.412928998342,0.832620689485,0.096286900017,0.356316239674
21.000284,1.00951645006,-0.370861174431,-0.00179556877225,0.413319787047,0.832737428399,0.0962282301329,0.355605479013
21.100541,1.00917248362,-0.371423148983,-0.00203535315198,0.413436963359,0.833170379114,0.0957783051046,0.354575116114
21.200488,1.00923751648,-0.372324117213,-0.000665755989181,0.413607708432,0.833067488426,0.095460277554,0.354703479913
21.300385,1.00962991551,-0.373268085404,-0.000862707599223,0.413653269013,0.832764392738,0.0951424995188,0.355446682369
21.400413,1.00909336275,-0.372120847775,-0.00130369296101,0.413550245376,0.83311452035,0.0951503642887,0.354743285639
21.500296,1.00956714864,-0.37214378535,-0.000471084359017,0.413312533874,0.833095032124,0.0952976640335,0.355026438483
21.600448,1.0095580234,-0.371669738606,-0.000493301051785,0.412737400212,0.833351380632,0.0951075866486,0.355144846261
21.700292,1.00959429323,-0.37175775188,-0.000261990464154,0.412596721498,0.833342678895,0.0950400444756,0.355346753029
21.800540,1.00965731784,-0.372023494167,0.000242455154821,0.412658523657,0.833301823938,0.0949386824156,0.355397889211
21.900444,1.00932224732,-0.373020349931,-0.000113650267906,0.413063540063,0.833148917414,0.0945056126037,0.355401297787
