time,left_s0,left_s1,left_e0,left_e1,left_w0,left_w1,left_w2,right_s0,right_s1,right_e0,right_e1,right_w0,right_w1,right_w2,
0,0.273212,-0.445176,-0.00355366,0.468858,0.879985,0.0536449,-0.0540487
0.0251256,0.273712,-0.445167,-0.00346563,0.470769,0.878934,0.0544604,-0.053797
0.0502513,0.271976,-0.44415,-0.00414876,0.469069,0.8798,0.054033,-0.0549743
0.0753769,0.268564,-0.442377,-0.00540914,0.464635,0.882117,0.0526637,-0.0572235
0.100503,0.264115,-0.440139,-0.00702224,0.458482,0.885349,0.0506991,-0.060135
0.125628,0.259248,-0.437719,-0.00877061,0.45159,0.888976,0.0484745,-0.0633138
0.150754,0.254418,-0.435323,-0.0104949,0.44468,0.892615,0.0462368,-0.0664683
0.175879,0.249881,-0.433066,-0.0121078,0.438151,0.896054,0.044123,-0.069435
0.201005,0.245749,-0.430996,-0.0135729,0.432178,0.899201,0.0421928,-0.0721419
0.226131,0.24206,-0.42913,-0.0148796,0.426816,0.902024,0.0404652,-0.0745644
0.251256,0.238819,-0.427472,-0.0160278,0.422078,0.904519,0.0389432,-0.0766986
0.276382,0.236015,-0.426027,-0.0170204,0.417962,0.906685,0.0376239,-0.078548
0.301508,0.233633,-0.424792,-0.0178623,0.414456,0.908531,0.0365012,-0.0801205
0.326633,0.231653,-0.423762,-0.0185612,0.411536,0.91007,0.0355654,-0.0814277
0.351759,0.230051,-0.422925,-0.0191272,0.40916,0.911322,0.0348033,-0.0824852
0.376884,0.2288,-0.422265,-0.0195719,0.407283,0.912312,0.0342001,-0.083311
0.40201,0.227869,-0.421765,-0.0199065,0.405857,0.913064,0.0337404,-0.0839256
0.427136,0.227222,-0.42141,-0.0201419,0.404834,0.913604,0.0334086,-0.0843519
0.452261,0.226822,-0.421187,-0.0202882,0.404173,0.913953,0.03319,-0.0846135
0.477387,0.226635,-0.421084,-0.0203547,0.403832,0.914135,0.0330712,-0.0847324
0.502513,0.226634,-0.421086,-0.0203501,0.403775,0.914169,0.0330402,-0.084726
0.527638,0.2268,-0.421182,-0.0202826,0.403966,0.914072,0.0330873,-0.0846083
0.552764,0.227117,-0.421357,-0.0201599,0.404376,0.913859,0.0332042,-0.0843923
0.577889,0.227565,-0.421596,-0.0199893,0.404975,0.913545,0.0333841,-0.0840924
0.603015,0.228122,-0.421886,-0.0197775,0.405737,0.913145,0.0336222,-0.0837262
0.628141,0.228767,-0.42221,-0.0195308,0.406638,0.91267,0.0339141,-0.0833125
0.653266,0.229477,-0.422558,-0.0192551,0.407656,0.912132,0.0342559,-0.0828667
0.678392,0.230242,-0.422919,-0.018955,0.408773,0.91154,0.0346427,-0.0823984
0.703518,0.231054,-0.423288,-0.0186348,0.409972,0.910903,0.0350691,-0.081911
0.728643,0.231913,-0.423664,-0.0182978,0.41124,0.910228,0.0355288,-0.0814047
0.753769,0.232813,-0.424048,-0.017947,0.412566,0.909521,0.0360147,-0.0808784
0.778894,0.23375,-0.424444,-0.0175845,0.413942,0.908787,0.0365192,-0.0803306
0.80402,0.234719,-0.424859,-0.0172125,0.415363,0.90803,0.0370348,-0.0797597
0.829146,0.235713,-0.425296,-0.0168327,0.416821,0.907255,0.037555,-0.0791648
0.854271,0.236732,-0.425755,-0.016447,0.41831,0.906466,0.0380753,-0.078545
0.879397,0.237775,-0.426236,-0.0160573,0.419821,0.905667,0.0385928,-0.0779005
0.904523,0.23884,-0.426734,-0.0156657,0.421346,0.904861,0.0391055,-0.0772334
0.929648,0.239922,-0.427248,-0.015274,0.422876,0.904054,0.039612,-0.0765483
0.954774,0.241011,-0.427773,-0.0148844,0.424403,0.903248,0.0401108,-0.0758526
0.979899,0.242098,-0.428307,-0.0144985,0.42592,0.90245,0.0406008,-0.0751541
1.00503,0.243175,-0.428846,-0.0141179,0.427421,0.901661,0.0410812,-0.0744589
1.03015,0.24424,-0.429389,-0.0137437,0.428899,0.900885,0.0415515,-0.0737692
1.05528,0.245294,-0.429933,-0.0133768,0.430351,0.900123,0.0420111,-0.0730852
1.0804,0.246339,-0.430475,-0.0130174,0.431774,0.899377,0.0424599,-0.0724059
1.10553,0.247375,-0.431015,-0.0126659,0.433164,0.898648,0.0428972,-0.0717312
1.13065,0.248399,-0.431552,-0.0123223,0.434521,0.897937,0.0433223,-0.0710624
1.15578,0.249406,-0.432085,-0.0119864,0.435842,0.897246,0.0437345,-0.070401
1.1809,0.250394,-0.432614,-0.0116584,0.437126,0.896575,0.0441335,-0.0697481
1.20603,0.251364,-0.433137,-0.0113382,0.438373,0.895925,0.0445196,-0.0691038
1.23116,0.252316,-0.433651,-0.0110258,0.439582,0.895296,0.0448937,-0.0684685
1.25628,0.25325,-0.434152,-0.0107215,0.440753,0.894686,0.0452571,-0.0678449
1.28141,0.254158,-0.434635,-0.0104255,0.441887,0.894094,0.0456118,-0.0672392
1.30653,0.25503,-0.435093,-0.0101377,0.442987,0.89352,0.04596,-0.0666608
1.33166,0.255855,-0.43552,-0.00985855,0.444052,0.892962,0.0463037,-0.066119
1.35678,0.256626,-0.435915,-0.00958803,0.445084,0.89242,0.0466434,-0.065618
1.38191,0.257346,-0.436278,-0.00932637,0.446084,0.891894,0.0469774,-0.0651541
1.40704,0.258026,-0.436615,-0.00907388,0.447051,0.891384,0.0473008,-0.0647148
1.43216,0.258683,-0.43694,-0.00883112,0.447981,0.890894,0.0476041,-0.064278
1.45729,0.259339,-0.437273,-0.00859899,0.448871,0.890427,0.0478719,-0.0638118
1.48241,0.26002,-0.437643,-0.00837868,0.449716,0.889989,0.0480838,-0.0632755
1.50754,0.260757,-0.438078,-0.00817146,0.450508,0.889589,0.0482171,-0.0626246
1.53266,0.261581,-0.438604,-0.00797836,0.451236,0.889235,0.0482502,-0.0618153
1.55779,0.262536,-0.439241,-0.00780011,0.451879,0.888938,0.0481616,-0.0608007
1.58291,0.263683,-0.440012,-0.00763745,0.452404,0.888716,0.0479227,-0.0595172
1.60804,0.265124,-0.44095,-0.00749157,0.45275,0.8886,0.0474867,-0.0578631
1.63317,0.267011,-0.442107,-0.00736448,0.452825,0.888639,0.0467798,-0.0556821
1.65829,0.269542,-0.443554,-0.0072588,0.452506,0.888899,0.0457049,-0.0527703
1.68342,0.272923,-0.445361,-0.00717672,0.451666,0.889444,0.0441641,-0.0489214
1.70854,0.277313,-0.447578,-0.00711837,0.450208,0.890324,0.0420914,-0.0439905
1.73367,0.282799,-0.450215,-0.00708022,0.44808,0.891559,0.0394735,-0.0379339
1.75879,0.289411,-0.453247,-0.0070537,0.445268,0.893144,0.0363519,-0.0308081
1.78392,0.297162,-0.456622,-0.00702362,0.441774,0.895058,0.0328165,-0.0227511
1.80905,0.306079,-0.460262,-0.0069667,0.437594,0.897271,0.0289975,-0.0139613
1.83417,0.316224,-0.464079,-0.00685224,0.43271,0.899753,0.0250546,-0.00467631
1.8593,0.327668,-0.467977,-0.00664647,0.427101,0.902471,0.0211546,0.00485926
1.88442,0.340455,-0.471867,-0.00631878,0.420767,0.905393,0.0174427,0.0144313
1.90955,0.354574,-0.475666,-0.00584444,0.41375,0.908479,0.0140255,0.0238805
1.93467,0.369969,-0.479288,-0.00520067,0.406138,0.911683,0.0109743,0.033103
1.9598,0.386557,-0.48263,-0.00435783,0.39807,0.91495,0.00834139,0.0420366
1.98492,0.404269,-0.485554,-0.00327033,0.389726,0.918207,0.00617903,0.0506439
2.01005,0.423058,-0.48788,-0.00187405,0.381327,0.921369,0.00454899,0.0589018
2.03518,0.442897,-0.489415,-9.64646e-05,0.37311,0.924344,0.00351726,0.066798
2.0603,0.463756,-0.489996,0.00212247,0.365291,0.927048,0.00313646,0.0743343
2.08543,0.485585,-0.489534,0.00481199,0.358042,0.929413,0.00343017,0.0815339
2.11055,0.508313,-0.488027,0.0079655,0.351494,0.931389,0.0043906,0.0884496
2.13568,0.531866,-0.485543,0.0115467,0.345758,0.932923,0.00598792,0.0951756
2.1608,0.556196,-0.482208,0.015499,0.340968,0.933949,0.00818283,0.101859
2.18593,0.581292,-0.478185,0.0197531,0.337291,0.934375,0.010936,0.108702
2.21106,0.60717,-0.473654,0.0242347,0.334924,0.934091,0.0142111,0.115943
2.23618,0.633846,-0.468793,0.0288702,0.334038,0.932998,0.0179721,0.123807
2.26131,0.661288,-0.463751,0.0335916,0.334726,0.931036,0.0221777,0.13245
2.28643,0.689396,-0.458647,0.038337,0.336969,0.928207,0.0267785,0.141937
2.31156,0.717997,-0.453571,0.043046,0.340635,0.924564,0.0317172,0.152244
2.33668,0.746847,-0.448594,0.0476525,0.345494,0.920206,0.0369301,0.163285
2.36181,0.775641,-0.443785,0.0520795,0.351233,0.915259,0.042349,0.174931
2.38693,0.804028,-0.439211,0.0562389,0.357484,0.909871,0.0479037,0.187033
2.41206,0.831657,-0.434933,0.0600413,0.363869,0.904188,0.0535259,0.199435
2.43719,0.858223,-0.430999,0.0634116,0.370062,0.898342,0.0591544,0.211994
2.46231,0.88351,-0.427433,0.0662979,0.375828,0.892441,0.0647379,0.224592
2.48744,0.907386,-0.424236,0.0686696,0.381027,0.886563,0.0702338,0.237131
2.51256,0.929782,-0.421392,0.0705063,0.385596,0.880765,0.0756043,0.249532
2.53769,0.950659,-0.418867,0.0717848,0.389524,0.87509,0.0808117,0.261729
2.56281,0.969989,-0.416619,0.0724726,0.392823,0.869575,0.0858156,0.27366
2.58794,0.987749,-0.414603,0.072533,0.395525,0.864252,0.0905747,0.285267
2.61307,1.00393,-0.412774,0.0719438,0.397667,0.859147,0.0950522,0.296503
2.63819,1.01854,-0.411099,0.0707202,0.399292,0.854278,0.0992221,0.30733
2.66332,1.03165,-0.409556,0.0689338,0.400446,0.849652,0.103072,0.317726
2.68844,1.04333,-0.408142,0.0667262,0.401181,0.84527,0.106602,0.327682
2.71357,1.0537,-0.406869,0.0643201,0.401549,0.841126,0.109821,0.337197
2.73869,1.06289,-0.405765,0.0620258,0.401604,0.837211,0.112739,0.346274
2.76382,1.07104,-0.404875,0.0602272,0.401403,0.833512,0.115372,0.35492
2.78894,1.07829,-0.404246,0.0593324,0.400999,0.830017,0.117732,0.363141
2.81407,1.08477,-0.40392,0.0596984,0.400444,0.826717,0.119835,0.370937
2.8392,1.09056,-0.403917,0.0615701,0.399782,0.823608,0.121692,0.378305
2.86432,1.09575,-0.404238,0.0650646,0.399052,0.820694,0.123315,0.385224
2.88945,1.10035,-0.404859,0.0701961,0.39829,0.817989,0.12471,0.391653
2.91457,1.10436,-0.405741,0.0769163,0.397535,0.815525,0.125878,0.397519
2.9397,1.10773,-0.406833,0.0851491,0.396831,0.813347,0.126814,0.402714
2.96482,1.11039,-0.408073,0.0948058,0.396224,0.811516,0.127506,0.407102
2.98995,1.11225,-0.4094,0.105779,0.395761,0.810091,0.127941,0.410544
3.01508,1.11326,-0.410756,0.117919,0.39548,0.809119,0.128111,0.412935
3.0402,1.1134,-0.412089,0.131004,0.395402,0.808621,0.128017,0.414225
3.06533,1.11269,-0.413354,0.144705,0.395535,0.808586,0.127671,0.414434
3.09045,1.11121,-0.414506,0.158555,0.395873,0.808978,0.127094,0.413638
3.11558,1.10905,-0.415491,0.17191,0.396403,0.80974,0.126314,0.411959
3.1407,1.10635,-0.416247,0.18394,0.397106,0.810797,0.125365,0.40955
3.16583,1.10324,-0.416702,0.193693,0.397959,0.812065,0.124281,0.406584
3.19095,1.09985,-0.416786,0.20024,0.39894,0.813462,0.123099,0.403235
3.21608,1.09633,-0.416449,0.202867,0.400028,0.814909,0.121854,0.399663
3.24121,1.09276,-0.41567,0.201214,0.401199,0.816347,0.120576,0.396002
3.26633,1.08924,-0.41446,0.195329,0.402431,0.817725,0.119299,0.392367
3.29146,1.08584,-0.412862,0.185637,0.403698,0.819004,0.118057,0.388859
3.31658,1.08261,-0.410945,0.172892,0.404972,0.820144,0.11689,0.38558
3.34171,1.07963,-0.408796,0.158122,0.406219,0.821103,0.11585,0.382645
3.36683,1.07697,-0.406516,0.142523,0.407404,0.821837,0.114992,0.380176
3.39196,1.07469,-0.404209,0.127313,0.408492,0.822304,0.114372,0.378289
3.41709,1.07286,-0.401965,0.113549,0.409456,0.822475,0.114031,0.377069
3.44221,1.07148,-0.399857,0.102012,0.410279,0.822338,0.113993,0.376556
3.46734,1.07056,-0.397937,0.0931722,0.410958,0.821905,0.114254,0.376734
3.49246,1.07007,-0.396245,0.0872496,0.411501,0.821207,0.114789,0.377535
3.51759,1.06996,-0.394813,0.0842934,0.411928,0.820295,0.115556,0.378844
3.54271,1.07017,-0.393673,0.0842579,0.412265,0.819236,0.116495,0.380508
3.56784,1.07061,-0.392862,0.0870484,0.412546,0.818108,0.117535,0.382345
3.59296,1.07121,-0.392413,0.0925323,0.412808,0.816991,0.118604,0.384168
3.61809,1.0719,-0.392349,0.100525,0.41308,0.815959,0.119633,0.385805
3.64322,1.07261,-0.392672,0.11076,0.413388,0.815067,0.120569,0.387127
3.66834,1.07328,-0.39336,0.122866,0.413744,0.814353,0.121372,0.38805
3.69347,1.07387,-0.394361,0.136335,0.414155,0.81384,0.122014,0.38853
3.71859,1.07432,-0.395598,0.150496,0.414616,0.813537,0.122474,0.388553
3.74372,1.07459,-0.396968,0.164495,0.415121,0.813449,0.122729,0.388124
3.76884,1.0746,-0.398345,0.177315,0.415655,0.81358,0.122759,0.387253
3.79397,1.07429,-0.399595,0.187864,0.416206,0.81393,0.122541,0.385959
3.8191,1.0736,-0.40059,0.195143,0.416757,0.814497,0.122058,0.384268
3.84422,1.0725,-0.401236,0.198416,0.417296,0.81527,0.121303,0.382215
3.86935,1.07098,-0.401479,0.197331,0.417809,0.81623,0.120288,0.379857
3.89447,1.06909,-0.401311,0.191944,0.418285,0.81734,0.119044,0.37727
3.9196,1.06691,-0.400765,0.182691,0.418713,0.818553,0.117622,0.374561
3.94472,1.06456,-0.399913,0.170344,0.419079,0.819799,0.116094,0.371868
3.96985,1.0622,-0.398853,0.155947,0.419365,0.820996,0.114551,0.369367
3.99497,1.06,-0.397705,0.140733,0.419551,0.822045,0.1131,0.367261
4.0201,1.05817,-0.396597,0.125982,0.419619,0.822848,0.111846,0.365753
4.04523,1.05687,-0.395641,0.112846,0.419552,0.823321,0.110885,0.365017
4.07035,1.0562,-0.394926,0.102201,0.419344,0.823406,0.11028,0.365164
4.09548,1.05623,-0.394508,0.0945861,0.418999,0.823085,0.11006,0.366224
4.1206,1.05695,-0.394415,0.0902228,0.418532,0.822373,0.11022,0.368151
4.14573,1.05829,-0.394651,0.0890762,0.417971,0.821318,0.110723,0.370825
4.17085,1.06015,-0.395207,0.0909284,0.417355,0.819995,0.111505,0.374062
4.19598,1.06239,-0.396064,0.0954405,0.416731,0.818501,0.112486,0.377628
4.22111,1.06485,-0.397199,0.102202,0.416156,0.816948,0.113571,0.381255
4.24623,1.06738,-0.398588,0.110774,0.415682,0.815448,0.114663,0.384674
4.27136,1.06981,-0.400197,0.120721,0.415356,0.814099,0.115676,0.387652
4.29648,1.07204,-0.40199,0.131628,0.415207,0.812975,0.116544,0.390018
4.32161,1.07397,-0.40392,0.143098,0.415247,0.812124,0.117223,0.391671
4.34673,1.07554,-0.405925,0.154727,0.415466,0.811566,0.117685,0.39258
4.37186,1.07669,-0.407925,0.166067,0.415841,0.811304,0.11792,0.392767
4.39698,1.07736,-0.409821,0.176594,0.416332,0.811328,0.117922,0.392292
4.42211,1.07749,-0.411487,0.185697,0.416889,0.811619,0.117692,0.391243
4.44724,1.07701,-0.412784,0.1927,0.417452,0.812157,0.117228,0.389723
4.47236,1.07586,-0.413576,0.196943,0.417964,0.812919,0.116534,0.387838
4.49749,1.07399,-0.413749,0.19789,0.418371,0.81388,0.115615,0.38569
4.52261,1.07138,-0.413233,0.195216,0.418638,0.815014,0.114484,0.383365
4.54774,1.06806,-0.412009,0.188853,0.418743,0.816294,0.113159,0.380936
4.57286,1.06409,-0.410111,0.178984,0.418683,0.817691,0.111665,0.378462
4.59799,1.05958,-0.407615,0.166009,0.418468,0.819174,0.110037,0.375991
4.62312,1.05466,-0.404638,0.150518,0.418121,0.820708,0.108313,0.373566
4.64824,1.04949,-0.401328,0.133253,0.417671,0.822251,0.106539,0.371227
4.67337,1.04425,-0.397854,0.115055,0.417156,0.823763,0.104767,0.369016
4.69849,1.03913,-0.39439,0.0967912,0.416614,0.825201,0.103046,0.36697
4.72362,1.03428,-0.3911,0.0792553,0.416083,0.826525,0.101421,0.365123
4.74874,1.02985,-0.388115,0.0630823,0.415592,0.827708,0.0999268,0.363498
4.77387,1.02591,-0.385528,0.0486997,0.415166,0.828728,0.098584,0.362105
4.79899,1.0225,-0.383395,0.0363265,0.414822,0.829578,0.0973992,0.360948
4.82412,1.01963,-0.381744,0.0260012,0.41457,0.830257,0.0963663,0.360017
4.84925,1.01724,-0.380584,0.0176196,0.41442,0.830767,0.095468,0.3593
4.87437,1.01529,-0.379915,0.0109704,0.414383,0.831117,0.0946775,0.358778
4.8995,1.01369,-0.379733,0.00576678,0.414469,0.831316,0.0939607,0.358431
4.92462,1.01234,-0.380035,0.00167905,0.414691,0.83137,0.0932791,0.35824
4.94975,1.01116,-0.380817,-0.00162897,0.415061,0.831289,0.0925937,0.358183
4.97487,1.01006,-0.382071,-0.00446481,0.415589,0.831081,0.0918701,0.358242
5,1.00898,-0.383783,-0.00708236,0.416279,0.830756,0.0910815,0.358399
