time,right_s0,right_s1,right_e0,right_e1,right_w0,right_w1,right_w2
0.096157,1.10102270786,-0.325762105449,0.375643751143,-0.0683541072619,0.452704765703,-0.0848526835637,0.884978041096
0.100375,1.10102270786,-0.325762105449,0.375643751143,-0.0683541072619,0.452704765703,-0.0848526835637,0.884978041096
0.201993,1.09996520533,-0.326735472105,0.375526090393,-0.0666545404134,0.459204093111,-0.0860706752934,0.88163519211
0.300568,1.09781053916,-0.326639001541,0.375265776756,-0.0654119319789,0.460861606491,-0.0851909154806,0.880948560778
0.400437,1.09391406693,-0.325092672106,0.37895155825,-0.0659394128924,0.453952329281,-0.0843521183711,0.884569950142
0.500438,1.09319878358,-0.325520773993,0.380269718239,-0.0662803229949,0.452481050567,-0.0842427604389,0.885308406701
0.600602,1.09473996143,-0.32534422998,0.381870092132,-0.0652839741243,0.45346611069,-0.0841836076342,0.884883952496
0.700424,1.0973838067,-0.323108752661,0.378787588756,-0.0660541247504,0.458337167709,-0.083292212525,0.882398039794
0.800447,1.09814458058,-0.324613373028,0.377893287832,-0.065111066983,0.459815943007,-0.0842937615129,0.881603317418
0.900553,1.09820153758,-0.324986232652,0.377046627556,-0.0652045057544,0.460354679941,-0.0841961473024,0.88132454287
1.000447,1.09832522131,-0.325268350857,0.37857518913,-0.0651661513733,0.459526310744,-0.0842404668882,0.881755343725
1.100368,1.09893103372,-0.326011045472,0.380896101605,-0.0644981732031,0.457627465424,-0.0843202387222,0.882783770742
1.200330,1.1043148405,-0.324420780941,0.381876321243,-0.0649719524185,0.461771736239,-0.0840328961779,0.880615683127
1.300252,1.11005104067,-0.325250043365,0.380506084742,-0.0636978055663,0.467736588539,-0.0849138195334,0.877470635725
1.400505,1.10913006799,-0.325531400404,0.380073093777,-0.0642699962467,0.467096623824,-0.0854435376139,0.877718356578
1.500271,1.10255847619,-0.32443293964,0.382398272878,-0.0646597540612,0.459298994526,-0.0847739602817,0.881859923962
1.600486,1.09776127793,-0.327685625996,0.38072853898,-0.0643828163243,0.457773355305,-0.0859874322961,0.88255570341
1.700351,1.09786907605,-0.329209006353,0.378056339386,-0.0632501075484,0.461624757041,-0.0864223887539,0.880586837458
1.800333,1.09764991002,-0.328514192046,0.379290749712,-0.0623867154389,0.462104745221,-0.0858836298674,0.880449376342
1.900586,1.09879900486,-0.32853476685,0.383622966544,-0.0619172216049,0.461594756909,-0.0860267622055,0.880736018479
2.000507,1.1021209767,-0.327931669009,0.381141232124,-0.0619114535109,0.467255796434,-0.0858104418889,0.877767372762
2.100493,1.10241688237,-0.329671755965,0.380459273671,-0.0608041854082,0.468088564325,-0.0865497105674,0.877328384692
2.200405,1.10169508105,-0.33356588394,0.380010705089,-0.0557954701267,0.467752160786,-0.0875778967235,0.877738510947
2.300300,1.10002377674,-0.346457860824,0.384756854859,-0.0373499434305,0.465029029539,-0.0906504857669,0.879849687641
2.400962,1.09681560123,-0.365290840218,0.39107690302,-0.00928707094242,0.460256814166,-0.0960652842892,0.882524150651
2.500528,1.08881528144,-0.391221985961,0.39885355688,0.0323255220756,0.449623309856,-0.0979088839068,0.88724731068
2.600560,1.07643907003,-0.419047521884,0.406278946355,0.0820872789691,0.43286066655,-0.0921059314614,0.89297806209
2.700512,1.06263486984,-0.4447358355,0.411444036271,0.13000959805,0.413819981693,-0.0847926001152,0.897028841304
2.800411,1.0509927271,-0.470204516513,0.410111738748,0.172549422192,0.400577435136,-0.0836022368421,0.895977165644
2.900467,1.04398451738,-0.488423417147,0.405804793226,0.199750486262,0.39523929383,-0.087849952373,0.89228248314
3.000419,1.04158751717,-0.495180644359,0.403100588635,0.209119110112,0.394245997276,-0.0900573007767,0.890353286058
3.100387,1.04184659778,-0.498410565113,0.401332669555,0.212694464979,0.395826910717,-0.0910076798722,0.88870677027
3.200395,1.04007426899,-0.507687556048,0.397022168486,0.22178995448,0.397303793997,-0.0962505349938,0.885265353372
3.300378,1.03593163794,-0.520567412044,0.393087829038,0.23739274002,0.396094801525,-0.102035110551,0.881102962999
3.400470,1.03032215475,-0.536152019991,0.386880329563,0.260897669316,0.393555838179,-0.106167152439,0.875085563887
3.500400,1.02569266947,-0.549935431793,0.378798057891,0.283179946274,0.392645366205,-0.108788229683,0.868218783204
3.600428,1.02610077223,-0.555474133612,0.37259908336,0.294648402192,0.396080582556,-0.107207103172,0.863023248955
3.700349,1.03129208326,-0.553609031845,0.369754510561,0.295514922735,0.402884556243,-0.103477361965,0.860027557897
3.800536,1.03893448425,-0.548802651867,0.36801786589,0.29577266773,0.411143113034,-0.0966919382129,0.856814179804
3.900528,1.05006894455,-0.537461550637,0.369315198825,0.286739924566,0.421084619893,-0.0883677660047,0.855955078541
4.000621,1.06164992349,-0.518848354057,0.378824858137,0.26521177546,0.425879093673,-0.0794871658893,0.861377676857
4.100565,1.07307454061,-0.495687890272,0.387536214819,0.231368601067,0.431660288724,-0.0736559286801,0.86874206169
4.200347,1.08329178755,-0.468506852106,0.392093551206,0.191511562031,0.438346016609,-0.0683291234298,0.875503981843
4.300500,1.08945451668,-0.440591242504,0.392501094641,0.150028523801,0.443553613951,-0.0632617419315,0.881333980739
4.400533,1.0964241115,-0.410001904535,0.388099524315,0.106476650624,0.45233542747,-0.0572063701079,0.883619157299
4.500369,1.10573750129,-0.379044278321,0.379185013099,0.0633940028635,0.46661837252,-0.0499493910556,0.880768728532
4.600573,1.11757265861,-0.345089717436,0.367687399995,0.0165917278873,0.485830111842,-0.0420931195312,0.872881427389
4.700604,1.13052709657,-0.30987353694,0.351298719374,-0.0356911233016,0.509463177558,-0.0360372851113,0.858996349533
4.800452,1.13911015615,-0.272710931419,0.330913186228,-0.0989738042874,0.528626663562,-0.0394612613133,0.842140632847
4.900554,1.13987145885,-0.233283125089,0.315255187123,-0.164554827843,0.531866275677,-0.0395943364991,0.829742286465
5.000516,1.13643282178,-0.203259801401,0.303837944822,-0.211543174153,0.529895958594,-0.0337735396415,0.820560239443
5.100588,1.13432368393,-0.190464614985,0.297895049716,-0.232370032732,0.529258138594,-0.0317216165064,0.815404028483
5.200473,1.13464933659,-0.19091909729,0.299163239905,-0.229030517372,0.529170062531,-0.0313785077839,0.816418677079
5.300585,1.13638214582,-0.201093564326,0.304891787754,-0.214186201717,0.529148045401,-0.0335292299301,0.820367239584
5.400578,1.13914120882,-0.221871971532,0.313361510021,-0.185344993545,0.529705906004,-0.0382469185207,0.826798681504
5.500615,1.14119888494,-0.246587260348,0.323512643879,-0.148931585503,0.529009188549,-0.0430830297104,0.83433357467
5.600550,1.14213313482,-0.272010901349,0.334941382972,-0.113591251506,0.526069005082,-0.0483270003798,0.841435042358
5.700478,1.14217748737,-0.297320702099,0.346281969623,-0.0780751224457,0.522287002802,-0.0531779761315,0.847521483394
5.800391,1.14123327341,-0.328424749818,0.35806164533,-0.0336827988391,0.516506473078,-0.0584071355085,0.853624706093
5.900448,1.13716322861,-0.362481405879,0.37086338615,0.0200169651203,0.506032942417,-0.0617837186804,0.860065552386
6.000471,1.13133287534,-0.391785906691,0.380941341453,0.0710420680891,0.494701900669,-0.0628491018615,0.863870965151
6.100441,1.12360504403,-0.420670058088,0.384954908211,0.121423862845,0.48446221012,-0.064041457298,0.863974134013
6.200592,1.11266601385,-0.450208679834,0.385027687808,0.172462179159,0.47137202458,-0.064960486375,0.86246469285
6.300431,1.09948150703,-0.476755029229,0.381475526958,0.219182135957,0.455913343111,-0.0646100794829,0.860190532661
6.400450,1.08703516754,-0.498881863169,0.374343610725,0.258047162293,0.442867386524,-0.0649932140065,0.856186908402
6.500439,1.07856734864,-0.51623530618,0.368981989477,0.287692445342,0.434075254132,-0.0658256455062,0.851163154182
6.600482,1.07229230273,-0.528315405451,0.364292752016,0.308378440791,0.428074753366,-0.0666127377742,0.846886938116
6.700459,1.06969847646,-0.532284104284,0.361562186031,0.315348372785,0.4257724299,-0.0670131478937,0.845448094047
6.800663,1.06743209919,-0.531145780975,0.363826434941,0.314346901985,0.421004847557,-0.0664118491477,0.848251383635
6.900368,1.06312914707,-0.526457464491,0.368663183897,0.309863095097,0.411274029169,-0.0633055425541,0.85488650914
7.000253,1.06578070659,-0.512173405926,0.372564077037,0.288601449949,0.412163973152,-0.0615523708613,0.861998473296
7.100265,1.0752006028,-0.490876387152,0.371904547014,0.253077755512,0.424687319314,-0.0598419210238,0.867185836466
7.200363,1.08793573134,-0.4605175435,0.373977405908,0.204975484306,0.439423039916,-0.0550235648,0.87284869831
7.300401,1.10194930871,-0.422272467258,0.375962632456,0.146842317439,0.455538892454,-0.0510507001306,0.876536067305
7.400546,1.11689492723,-0.380130559042,0.372660831645,0.0826779265544,0.47555617696,-0.0504795533058,0.874335460629
7.500401,1.12793501955,-0.342088772316,0.366365376668,0.026116007376,0.491229910038,-0.0454783630847,0.869449738705
7.600390,1.13334580127,-0.304650989502,0.359541371618,-0.0275304364909,0.499545046507,-0.0393744949461,0.864954606164
7.700532,1.1349397946,-0.265430010121,0.348527375215,-0.0854036018826,0.505103788127,-0.0320798933863,0.858223320847
7.800492,1.13384549762,-0.225211831487,0.334613860846,-0.148609290121,0.508815872074,-0.0250196534731,0.847582269845
7.900506,1.12992851053,-0.187513453321,0.316888661024,-0.211576440074,0.510618720665,-0.0192916120278,0.833145705035
8.000373,1.12546798146,-0.16138346656,0.298909766881,-0.259221821269,0.512579536746,-0.0153386641315,0.818432032163
8.100355,1.12465663008,-0.154878884737,0.288030388934,-0.274319922614,0.516992154839,-0.0152082371688,0.810701178865
8.200489,1.12841850116,-0.159960365181,0.28777118558,-0.266151680851,0.522211204131,-0.0178106588225,0.810025630145
8.300565,1.1337233109,-0.174664586419,0.294259909,-0.24297920496,0.526548098964,-0.0218789714867,0.814389044647
8.400648,1.13836505404,-0.195745754075,0.307191900763,-0.209289104803,0.526425823515,-0.0265896641733,0.823630325271
8.500543,1.1421024422,-0.21974742165,0.321965920021,-0.168830036664,0.524027196687,-0.0302124554562,0.834253632529
8.600505,1.14465162528,-0.2516410433,0.335725448188,-0.121971112409,0.521299576971,-0.035764690387,0.843854659115
8.700538,1.14470682644,-0.28805463586,0.348070497981,-0.0680457928561,0.516747049285,-0.0410405760802,0.852442331331
8.800488,1.14162240215,-0.330197973518,0.357981471064,-0.00670551715033,0.509880529955,-0.0466939431982,0.858950846604
8.900425,1.13506322375,-0.373138920991,0.366746235395,0.0581407307513,0.499084282159,-0.0520095557369,0.863035075094
9.000285,1.12582635268,-0.413207701928,0.369441138104,0.119218144876,0.487247191479,-0.0559572158731,0.863276316321
9.100284,1.11169689416,-0.452839530726,0.369690032505,0.1817552014,0.469351407473,-0.0585091352657,0.862120052056
9.200348,1.09615143957,-0.485754674889,0.367109305308,0.237642362233,0.449789371664,-0.0611540010538,0.858764121844
9.300326,1.08300264035,-0.511235410962,0.36165439133,0.284196147855,0.434204448964,-0.0632245027698,0.852468010129
9.400390,1.07276392955,-0.529652239824,0.354096102194,0.318904615815,0.423073921293,-0.063735788478,0.845722207584
9.500438,1.06954334387,-0.535189525745,0.350310693038,0.33036588156,0.419425972857,-0.0624697313178,0.843230555817
9.600430,1.0691892164,-0.537033655198,0.349580501179,0.331020563489,0.419460884947,-0.0625226680246,0.842952471098
9.700332,1.07146792572,-0.531793907818,0.351539794839,0.325697454791,0.420888213636,-0.0609643600014,0.844427395561
9.800284,1.07823174733,-0.519856516682,0.356761344336,0.305721948854,0.427367700779,-0.0592030547126,0.848755522299
9.900382,1.09019385641,-0.496142706645,0.36395397674,0.267278289151,0.439442325263,-0.0562896049492,0.855736080396
10.000424,1.1041344281,-0.465038754865,0.370474844479,0.215228653426,0.454839839765,-0.0547115127666,0.862440721022
10.100332,1.11934851824,-0.427836818359,0.375202902106,0.156498142332,0.471621125833,-0.0508939544638,0.866309211837
10.200379,1.13475451071,-0.382210952688,0.373739978667,0.0882078858063,0.490959098169,-0.0465090013838,0.865456784361
10.300373,1.14676107788,-0.340383682619,0.368451796304,0.0252416734682,0.506578804906,-0.0422888765141,0.860785933472
10.400410,1.15677271519,-0.299512122715,0.358585580998,-0.0386084820111,0.521203542462,-0.0414641869859,0.851549748188
10.500383,1.16555856322,-0.261393806699,0.343985089012,-0.10737717838,0.534876497882,-0.0492550925845,0.836630868084
10.600400,1.17122687433,-0.223027807472,0.324012942719,-0.175224148191,0.545258289392,-0.0550634021076,0.817898476272
10.700332,1.17131789875,-0.191791306788,0.303602976397,-0.232259574152,0.548371891516,-0.0581119316117,0.801228283459
10.800407,1.16564335512,-0.171075805138,0.287926594098,-0.26930850965,0.544067042701,-0.057071118237,0.792595020891
10.900422,1.15919500267,-0.165814570641,0.284807309566,-0.273107133004,0.53654970645,-0.0513898975333,0.796797329841
11.000454,1.15292559119,-0.162480751054,0.285743744269,-0.272327514914,0.52761761225,-0.0454647928647,0.80336189384
11.100323,1.15066814769,-0.159955142243,0.284706720697,-0.273429320638,0.524977164665,-0.0433109608221,0.804835103526
11.200619,1.15237775672,-0.158722837119,0.281865596743,-0.274664374696,0.528465701611,-0.0445086860148,0.802061381917
11.300452,1.15198733639,-0.157163503349,0.280281682141,-0.276182864738,0.528987794696,-0.0437303251908,0.801238164934
11.400394,1.15198902464,-0.156844469117,0.279536582016,-0.27749802793,0.529294338929,-0.0445164925138,0.80053771252
11.500520,1.15197212194,-0.156840866529,0.279457217767,-0.277614718888,0.52937677745,-0.0443298831196,0.800453094701
11.600553,1.15170683504,-0.156552192474,0.278583507799,-0.277142509615,0.529737926372,-0.0436835451589,0.800413334853
