time,right_s0,right_s1,right_e0,right_e1,right_w0,right_w1,right_w2
0.092788,0.773249755525,-0.0658782946388,-0.0980152178106,-0.0343501944952,0.9972982323,0.0274372113118,0.0588515031681
0.100188,0.772720315294,-0.0658128967151,-0.0980594503392,-0.0340559851179,0.99733503653,0.0274292480811,0.0584007802816
0.200259,0.77291049535,-0.0654363526134,-0.0982623758703,-0.0338880826786,0.997324291798,0.0277139157823,0.0585473630006
0.300564,0.772315964834,-0.0662468137744,-0.0989760368882,-0.0342379105313,0.997367455934,0.027098550796,0.0578929345455
0.400247,0.773232238698,-0.0653588738361,-0.0979925487923,-0.0344636856421,0.997280472249,0.0277632625697,0.0589331425758
0.500245,0.771896798806,-0.0656758775042,-0.0986992793308,-0.0346572447879,0.997361344836,0.0272844828704,0.057660907077
0.600244,0.772413744613,-0.0660474569079,-0.0984820631491,-0.0344041417375,0.997330222804,0.0275789027519,0.0582081251786
0.700187,0.773350085812,-0.0659801845055,-0.097911757477,-0.0336690243991,0.997320726102,0.0276613096038,0.0587589825847
0.800325,0.773615351823,-0.0664456101088,-0.0980812300671,-0.0339801304429,0.997295515281,0.0273235449796,0.059164430405
0.900336,0.772817609226,-0.0661059701151,-0.098257829809,-0.0343991717509,0.997330081274,0.0271121411123,0.0584323350011
1.000292,0.773539799197,-0.0659604305179,-0.0980112878509,-0.0339254449328,0.997290826564,0.0275469109033,0.0591712695299
1.100283,0.772648160104,-0.0661091120578,-0.0984742370645,-0.0337281971144,0.9973611072,0.0272809253667,0.0582149609264
1.200419,0.772197234773,-0.0657898494294,-0.0983015670468,-0.0343703685713,0.997347189855,0.0274618160959,0.0579923211173
1.300340,0.772626601573,-0.0663007717336,-0.098345674829,-0.033630665212,0.997364062649,0.0273640346789,0.0581817368259
1.400330,0.772714336521,-0.0652543174284,-0.0982359091446,-0.0340893647838,0.997317766436,0.0276199064519,0.0585860796301
1.500300,0.772986423236,-0.0660137133872,-0.0981704973771,-0.0342097939481,0.997317257588,0.0274815867361,0.058589590423
1.600292,0.772415286998,-0.0662603936607,-0.0985507921751,-0.0338846182937,0.997354474814,0.0274139033076,0.0581752706661
1.700237,0.773007905028,-0.0658218821514,-0.098299048134,-0.0337335431799,0.997333813786,0.0274323604045,0.0586069752304
1.800225,0.773573829964,-0.0645521540031,-0.0977936868289,-0.0345822238177,0.997234867721,0.0282406921575,0.0594066637977
1.900227,0.773774915947,-0.0659747133038,-0.0975289595478,-0.0339334340582,0.997279515967,0.0275113206587,0.0593735321589
2.000256,0.77304837285,-0.065685141985,-0.0981500175628,-0.0342082537612,0.997304831946,0.0275733949223,0.0587586201691
2.100274,0.772483068946,-0.0669026928953,-0.0986635267607,-0.0340214254481,0.997388445033,0.0269118967695,0.0577458408739
2.200321,0.770721521355,-0.0649622805099,-0.0984072212155,-0.0352009107482,0.997430543165,0.0269472962143,0.0562765552462
2.300232,0.768182099762,-0.064162967249,-0.0980685868745,-0.0366021690875,0.997582685498,0.0255700738626,0.0532469542435
2.400227,0.768284211371,-0.0640048204325,-0.099233422239,-0.0366737669635,0.997530406333,0.0261161016549,0.0539080002578
2.500232,0.767526656917,-0.0650046807513,-0.0984075354044,-0.0368440536457,0.99760731923,0.0251749137852,0.0528050759375
2.600437,0.769478880357,-0.0670801197501,-0.0979866218872,-0.0341769681803,0.997634710702,0.025141198121,0.0540817807232
2.700581,0.771719174194,-0.0774161157827,-0.0988145150121,-0.0279845613328,0.997870365327,0.0226914672465,0.0543755059218
2.800312,0.777991129948,-0.100764473303,-0.0999910871847,-0.019270469729,0.998109885428,0.0124097449969,0.0570202055168
2.900354,0.787318206042,-0.125486713929,-0.0995714123474,-0.00769271646211,0.997931824211,0.00334701784102,0.0637314193528
3.000275,0.801055354537,-0.15593452869,-0.0993530308455,0.00592886986632,0.997057188031,-0.00532283317585,0.0762461785568
3.100250,0.812729114284,-0.181171549332,-0.0996960927428,0.00931696826739,0.996103188531,-0.0109668923813,0.0870135574049
3.200228,0.823645667085,-0.206633418763,-0.0980382572695,0.00671843296281,0.995318179836,-0.0177388241926,0.0947729796044
3.300274,0.840477809338,-0.226042820846,-0.0914693318913,0.00166333691963,0.994205358632,-0.0212432038618,0.105364436449
3.400579,0.861295381587,-0.244258335065,-0.0841810569672,-0.00665021938819,0.992566929601,-0.0244945020342,0.119023880859
3.500414,0.885703318568,-0.255373406563,-0.0771102152558,-0.0260905943387,0.9902996257,-0.029037131733,0.133352079875
3.600314,0.908318851273,-0.262093033177,-0.0739799465026,-0.0518237433406,0.987653328467,-0.0351993532667,0.143583452823
3.700224,0.93564814462,-0.257798968196,-0.0693810468472,-0.0649737145056,0.984224545506,-0.0331064703737,0.161196842608
3.800247,0.961694269113,-0.246442167553,-0.0665169290074,-0.0721839948455,0.980498955405,-0.0280339354909,0.180624936815
3.900259,0.987311248659,-0.232162327558,-0.0596279322749,-0.080490041284,0.975907627118,-0.0235141000223,0.201426770034
4.000229,1.00941888351,-0.211762468113,-0.0504403754905,-0.0851621597309,0.971360130884,-0.0158080068323,0.221262309484
4.100291,1.0257196672,-0.18553467502,-0.0427680110392,-0.0861137212553,0.967582616411,-0.00391347661675,0.237387851693
4.200310,1.03579388202,-0.153433087642,-0.0351517473342,-0.0899106982971,0.964323956362,0.00913178014784,0.248821189028
4.300311,1.0350332386,-0.117044251879,-0.0347132902112,-0.0974796602098,0.962894760883,0.0229422325796,0.25060935592
4.400302,1.0302950719,-0.0819640083028,-0.0347110860771,-0.10863044261,0.961341732856,0.0332589631268,0.250829306459
4.500248,1.02144114052,-0.046323334535,-0.0355046914137,-0.122159733232,0.960157641477,0.0421209020583,0.247790501634
4.600242,1.01359643779,-0.00957109507065,-0.034532664875,-0.135375627128,0.957904696733,0.0522019687218,0.247723608118
4.700257,1.00406019772,0.0273465396815,-0.0337163930973,-0.146851613508,0.955653272796,0.0639817630414,0.247118918344
4.800283,0.990183678056,0.0672864948706,-0.033599246823,-0.157565325717,0.953897371932,0.0785411404577,0.243072543101
4.900244,0.974970853978,0.105283077363,-0.0333278503959,-0.162585607493,0.952811714948,0.0958915160357,0.23774055869
5.000265,0.953118020406,0.139911765147,-0.038628108969,-0.169256122668,0.95316132666,0.109677838906,0.225403242992
5.100233,0.926945852082,0.169212038351,-0.0462882299036,-0.178666025911,0.954095681221,0.120494163109,0.20799288189
5.200273,0.903342083268,0.185571290146,-0.0589832039423,-0.188187253325,0.955399197331,0.121975218459,0.192145719459
5.300255,0.879054667877,0.196305968994,-0.0743810881403,-0.19268542688,0.957680863409,0.121982162109,0.175613331655
5.400243,0.855837245577,0.200087284895,-0.0885818795742,-0.198734836416,0.959490131941,0.1193236644,0.16014060889
5.500428,0.830362545653,0.200078231252,-0.0994095509904,-0.202766180012,0.961531422152,0.116773405572,0.143899868692
5.600301,0.801579095748,0.191198341876,-0.106642222704,-0.207782030824,0.963891055612,0.110789425795,0.124363836019
5.700272,0.770120255876,0.174184454014,-0.11148020352,-0.210063539159,0.966762642472,0.103078319911,0.103044469044
5.800262,0.739700816364,0.152118252305,-0.11120144046,-0.211174432707,0.969280781474,0.0943454926753,0.0836603469297
5.900356,0.712429070401,0.127597228787,-0.106719958263,-0.210180522292,0.971627532797,0.0862067492636,0.0658215917566
6.000250,0.690648261686,0.0979196170901,-0.101769190144,-0.212765139258,0.972942574185,0.0751073373838,0.0497255540466
6.100233,0.679690377971,0.0597019037552,-0.099410331779,-0.214278795084,0.974251110584,0.0585072368589,0.0386817106426
6.200228,0.675285077825,0.0160696145874,-0.101213838117,-0.220653731587,0.974219566771,0.0358102581471,0.0304268281115
6.300280,0.675352902553,-0.0288479166458,-0.105240689045,-0.221213657857,0.974847555381,0.014028434702,0.0232371333423
6.400237,0.679681247639,-0.0688352171296,-0.108992541111,-0.216164748385,0.976170595174,-0.00267485136934,0.0188842750452
6.500245,0.690057440339,-0.10467871946,-0.109774984909,-0.214752987049,0.976302879554,-0.0178314906055,0.0198967301639
6.600267,0.699262687253,-0.132627879795,-0.108741017162,-0.211197952868,0.976832902753,-0.0266612946318,0.0219563241951
6.700614,0.7069491699,-0.150468285098,-0.106678364031,-0.204597935353,0.978074712739,-0.0301935356848,0.0244518210484
6.800330,0.712750491763,-0.163440369224,-0.105496838034,-0.200019635157,0.978859270654,-0.0332680326807,0.0268311723234
6.900329,0.715239795419,-0.168552889551,-0.105197861914,-0.196348174101,0.979563841299,-0.0337401621797,0.0276347028763
7.000362,0.71867041397,-0.172129413349,-0.104093163629,-0.194011334232,0.979885043351,-0.0350778639515,0.0308941332182
7.100243,0.72184483648,-0.171120343563,-0.103870161952,-0.193704285435,0.979813354549,-0.0344890067125,0.0354252518381
7.200275,0.719269979378,-0.173052930661,-0.104545603041,-0.193179705105,0.980010015488,-0.0352167760225,0.0319648207361
7.300263,0.716789416021,-0.17214286694,-0.104715411309,-0.194006831611,0.979926527372,-0.0352663599651,0.0293536044729
7.400241,0.717200207222,-0.171158614979,-0.1046434207,-0.194812171302,0.979736970701,-0.0352881449914,0.0303056591684
7.500250,0.718067184556,-0.1687914372,-0.105265384942,-0.196141131483,0.979428127355,-0.0345812073612,0.0324551996331
7.600430,0.7168164802,-0.16913913238,-0.105026560302,-0.19663678384,0.979370977445,-0.0351093140765,0.030558138755
7.700306,0.714042651061,-0.170084258275,-0.105056643888,-0.19567140964,0.979664905837,-0.0352710651023,0.0269318340813
7.800294,0.714505023252,-0.168867602506,-0.105509108563,-0.196138054813,0.979552850181,-0.0347327100006,0.0282792505485
7.900303,0.714863016776,-0.169156421909,-0.105679110481,-0.197189800003,0.979309999036,-0.0352982468676,0.0286730244279
8.000269,0.714861533799,-0.169280219735,-0.105690493183,-0.196411152561,0.97947600286,-0.0350310030331,0.0286748635112
8.100277,0.714782960616,-0.169131562817,-0.105363990141,-0.196300966446,0.979505917456,-0.0348288272733,0.0286538135507
8.200256,0.713933571335,-0.169400891258,-0.105999451609,-0.196748068163,0.979429611036,-0.0350741682824,0.0278861510214
8.300257,0.713657987029,-0.169211802746,-0.106096981222,-0.196765704291,0.979437137055,-0.0348930082706,0.0277241798007
8.400933,0.714250353519,-0.169559766734,-0.105986054193,-0.196384991539,0.979493034401,-0.035033654983,0.0282661224213
8.500359,0.713994894198,-0.169863816099,-0.106004428259,-0.196489919064,0.979486335758,-0.0349513432163,0.0278681426822
8.600275,0.713759953714,-0.169446731854,-0.106222212487,-0.196572133174,0.979476129046,-0.0348955829363,0.0277165542477
8.700236,0.714356018007,-0.169182964445,-0.105330336824,-0.197171081655,0.97933782523,-0.0349322295588,0.0282971371418
8.800225,0.714677337552,-0.169163227363,-0.105711244564,-0.19630681409,0.979516190254,-0.0346511924141,0.0284774057147
8.900300,0.714655857568,-0.169370709402,-0.105634276162,-0.195948113686,0.979596326342,-0.0345836744547,0.0282726656326
9.000327,0.714087659925,-0.169783283964,-0.105520811466,-0.196288979548,0.979532556629,-0.0350583318364,0.0275230881283
9.100243,0.714491066693,-0.169329569378,-0.105842882688,-0.196808904988,0.979420580871,-0.0348206999383,0.0280909156135
9.200266,0.714121657222,-0.168807032251,-0.105311074738,-0.196112712493,0.979581728759,-0.0344846315701,0.0277533937646
9.300266,0.713860580091,-0.168866026863,-0.105665933812,-0.196484234106,0.979517738222,-0.0345032043917,0.0273582737661
9.400198,0.713112863685,-0.168780357439,-0.106102655494,-0.196164315514,0.979617373555,-0.0339374977348,0.0267882249472
9.500288,0.713611709008,-0.168752051964,-0.105858629502,-0.196688789622,0.979493140598,-0.0340352814713,0.0273552037908
9.600268,0.714573902879,-0.168682015682,-0.105844802182,-0.196112042687,0.979596952671,-0.0340396814154,0.0277700759911
9.700258,0.716094410907,-0.168602231892,-0.104657449528,-0.195893391273,0.979604654997,-0.0339769535103,0.0290872101319
9.800246,0.716220102526,-0.167969933905,-0.104777609118,-0.196314945974,0.979525206305,-0.0336556266547,0.0292935316323
9.900227,0.716294839671,-0.168253790859,-0.104817797142,-0.196094695296,0.979573529571,-0.0337040545425,0.029096517806
10.000253,0.716436081338,-0.168208553858,-0.104810291369,-0.195724971015,0.979642523237,-0.0336716924295,0.0292998210939
10.100268,0.717030193896,-0.167859740312,-0.10425992074,-0.196258298179,0.97951780426,-0.0336965438431,0.0298679504836
10.200246,0.717310700667,-0.167516204183,-0.104285337813,-0.196166691825,0.979535180574,-0.0335388314906,0.0300766656733
