time,left_s0,left_s1,left_e0,left_e1,left_w0,left_w1,left_w2,right_s0,right_s1,right_e0,right_e1,right_w0,right_w1,right_w2,
0,1.6763,0.26257,0.854616,-0.297729,0.514751,-0.301997,0.745109
0.0251256,1.67632,0.262945,0.854644,-0.29742,0.514916,-0.30168,0.745247
0.0502513,1.67638,0.263975,0.854718,-0.296566,0.515372,-0.300805,0.745628
0.0753769,1.67648,0.2655,0.854826,-0.295296,0.516052,-0.299506,0.746192
0.100503,1.67659,0.267334,0.854953,-0.293755,0.516878,-0.297936,0.746872
0.125628,1.6767,0.2693,0.855083,-0.292087,0.517777,-0.296241,0.747604
0.150754,1.67682,0.271266,0.855207,-0.290396,0.518693,-0.294531,0.74834
0.175879,1.67693,0.273156,0.855316,-0.288745,0.519593,-0.292869,0.749051
0.201005,1.67703,0.274934,0.855408,-0.287167,0.520461,-0.291288,0.749722
0.226131,1.67712,0.276581,0.855477,-0.285682,0.521286,-0.289806,0.750345
0.251256,1.67719,0.278085,0.855519,-0.284315,0.52206,-0.288439,0.75091
0.276382,1.67726,0.279437,0.855528,-0.283091,0.522773,-0.287202,0.751407
0.301508,1.67731,0.280629,0.8555,-0.282035,0.523415,-0.28611,0.751826
0.326633,1.67736,0.281658,0.85543,-0.281158,0.523986,-0.285169,0.752163
0.351759,1.67739,0.282527,0.855322,-0.280458,0.524486,-0.284376,0.752419
0.376884,1.67741,0.283243,0.85518,-0.279923,0.524924,-0.283725,0.752593
0.40201,1.67744,0.283813,0.855013,-0.279541,0.525312,-0.283209,0.752686
0.427136,1.67749,0.284238,0.854834,-0.279298,0.525666,-0.282821,0.752694
0.452261,1.67758,0.284522,0.85466,-0.279182,0.526006,-0.282558,0.752611
0.477387,1.67772,0.284666,0.854511,-0.279179,0.526345,-0.282417,0.752433
0.502513,1.67793,0.284673,0.854407,-0.279275,0.526686,-0.282396,0.752164
0.527638,1.6782,0.284549,0.854382,-0.279454,0.527017,-0.282495,0.751821
0.552764,1.67856,0.284296,0.854501,-0.279691,0.527299,-0.282727,0.751433
0.577889,1.679,0.283912,0.854881,-0.279958,0.527463,-0.283121,0.751047
0.603015,1.67955,0.283386,0.855706,-0.280214,0.527402,-0.283729,0.750732
0.628141,1.68024,0.282704,0.857185,-0.280416,0.526991,-0.284611,0.750566
0.653266,1.68109,0.28186,0.859487,-0.280531,0.526136,-0.285814,0.750608
0.678392,1.68211,0.280863,0.86268,-0.280542,0.524797,-0.287351,0.750886
0.703518,1.6833,0.279741,0.866745,-0.280453,0.522998,-0.2892,0.751391
0.728643,1.68466,0.278548,0.871609,-0.280284,0.520803,-0.291314,0.752089
0.753769,1.68618,0.277368,0.877168,-0.280074,0.518318,-0.293627,0.752919
0.778894,1.6879,0.276317,0.883312,-0.279874,0.515674,-0.296052,0.753804
0.80402,1.68981,0.27552,0.889931,-0.279741,0.513008,-0.298502,0.754662
0.829146,1.69194,0.275077,0.896924,-0.279718,0.510428,-0.300903,0.75543
0.854271,1.69427,0.275045,0.904201,-0.279828,0.508,-0.303206,0.756073
0.879397,1.69676,0.275452,0.911682,-0.280076,0.505742,-0.305377,0.75659
0.904523,1.69937,0.276322,0.919294,-0.280455,0.503635,-0.307389,0.757009
0.929648,1.702,0.277702,0.926963,-0.280953,0.50163,-0.309212,0.75738
0.954774,1.70456,0.279667,0.934617,-0.281555,0.499655,-0.310805,0.757776
0.979899,1.70695,0.282298,0.942188,-0.282249,0.497631,-0.312126,0.75827
1.00503,1.70909,0.285648,0.949615,-0.283023,0.4955,-0.313146,0.758921
1.03015,1.71093,0.289724,0.95685,-0.283869,0.493232,-0.313852,0.759756
1.05528,1.71247,0.294504,0.963844,-0.284781,0.490823,-0.314244,0.760782
1.0804,1.71368,0.299962,0.970542,-0.285765,0.488285,-0.314318,0.761987
1.10553,1.71457,0.306092,0.976869,-0.286835,0.485637,-0.314059,0.763358
1.13065,1.71514,0.312912,0.982732,-0.288016,0.482902,-0.31344,0.764877
1.15578,1.71537,0.320449,0.988037,-0.289334,0.480103,-0.312434,0.766528
1.1809,1.71526,0.328702,0.992721,-0.290809,0.47726,-0.311026,0.76829
1.20603,1.71484,0.337638,0.996758,-0.292449,0.474395,-0.309228,0.770142
1.23116,1.71413,0.347195,1.00016,-0.294259,0.471528,-0.307072,0.772053
1.25628,1.71316,0.357303,1.00293,-0.296247,0.468682,-0.304603,0.773987
1.28141,1.71195,0.367901,1.00512,-0.298434,0.465882,-0.301874,0.775896
1.30653,1.71055,0.37894,1.00673,-0.300853,0.463154,-0.298939,0.777723
1.33166,1.70899,0.390372,1.0078,-0.30354,0.460525,-0.295853,0.779413
1.35678,1.7073,0.402145,1.00833,-0.306514,0.45802,-0.292661,0.780919
1.38191,1.7055,0.414186,1.00833,-0.309777,0.455662,-0.289404,0.782211
1.40704,1.70363,0.426401,1.0078,-0.313318,0.45348,-0.286114,0.783264
1.43216,1.70172,0.438678,1.00669,-0.317121,0.451515,-0.282819,0.78405
1.45729,1.69982,0.450879,1.00491,-0.321174,0.44983,-0.279549,0.784523
1.48241,1.69797,0.462854,1.00233,-0.325472,0.448505,-0.276328,0.784628
1.50754,1.69622,0.474455,0.99881,-0.330011,0.447621,-0.273182,0.784308
1.53266,1.6946,0.48556,0.99426,-0.33477,0.447233,-0.270129,0.783533
1.55779,1.69313,0.49608,0.988668,-0.339707,0.447357,-0.267178,0.78231
1.58291,1.69181,0.505944,0.982085,-0.344749,0.447978,-0.264331,0.780681
1.60804,1.69064,0.515083,0.974611,-0.349785,0.449057,-0.261581,0.778724
1.63317,1.68959,0.523402,0.966365,-0.354661,0.450543,-0.258912,0.776549
1.65829,1.68864,0.530787,0.957476,-0.35919,0.45238,-0.256302,0.774284
1.68342,1.68776,0.537122,0.948069,-0.363184,0.454514,-0.253731,0.772057
1.70854,1.68693,0.542321,0.938256,-0.366495,0.456895,-0.251183,0.769974
1.73367,1.68614,0.546353,0.928135,-0.369042,0.459484,-0.248653,0.768097
1.75879,1.68537,0.549223,0.917781,-0.370804,0.462252,-0.246151,0.766452
1.78392,1.68461,0.550957,0.907251,-0.371797,0.465181,-0.243698,0.765032
1.80905,1.68385,0.551573,0.896583,-0.372057,0.468269,-0.24133,0.763813
1.83417,1.68308,0.551072,0.885799,-0.371623,0.471522,-0.239091,0.762753
1.8593,1.68228,0.549452,0.874913,-0.370534,0.474954,-0.237032,0.761807
1.88442,1.68144,0.54672,0.863942,-0.368835,0.478574,-0.235191,0.760935
1.90955,1.68057,0.542914,0.852916,-0.366576,0.482378,-0.233598,0.760103
1.93467,1.67965,0.538091,0.841879,-0.363813,0.486356,-0.232269,0.759286
1.9598,1.6787,0.532324,0.830893,-0.360606,0.490487,-0.231215,0.758461
1.98492,1.67773,0.525676,0.820037,-0.357012,0.49475,-0.230451,0.757608
2.01005,1.67675,0.518198,0.809404,-0.353087,0.499124,-0.229998,0.756699
2.03518,1.67577,0.509933,0.799093,-0.348883,0.503587,-0.229882,0.755709
2.0603,1.6748,0.500924,0.789198,-0.344446,0.508116,-0.230123,0.754618
2.08543,1.67386,0.491228,0.779794,-0.33982,0.51268,-0.23073,0.753421
2.11055,1.67295,0.480922,0.770948,-0.335044,0.517237,-0.231698,0.752128
2.13568,1.67208,0.470096,0.76273,-0.330156,0.521724,-0.233014,0.750771
2.1608,1.67128,0.458849,0.755235,-0.325187,0.526056,-0.234668,0.749399
2.18593,1.67055,0.447284,0.748588,-0.320168,0.530122,-0.236653,0.748081
2.21106,1.66993,0.435502,0.742943,-0.315127,0.533793,-0.238968,0.746896
2.23618,1.66942,0.4236,0.738438,-0.310087,0.536949,-0.241608,0.745918
2.26131,1.66905,0.411665,0.735168,-0.305073,0.539506,-0.244563,0.745202
2.28643,1.66881,0.399775,0.733162,-0.300107,0.541429,-0.247807,0.744773
2.31156,1.66873,0.388004,0.732395,-0.295213,0.542726,-0.251303,0.744631
2.33668,1.66879,0.376429,0.732814,-0.290418,0.543442,-0.255001,0.744752
2.36181,1.669,0.365134,0.734354,-0.285755,0.543641,-0.258843,0.745103
2.38693,1.66937,0.354211,0.736957,-0.281258,0.543399,-0.262762,0.745638
2.41206,1.66991,0.343751,0.740564,-0.276965,0.542794,-0.266696,0.746312
2.43719,1.67062,0.333828,0.745114,-0.272903,0.541901,-0.270589,0.747083
2.46231,1.6715,0.324491,0.750534,-0.269093,0.540779,-0.274396,0.747917
2.48744,1.67253,0.315764,0.756741,-0.265541,0.53948,-0.278089,0.748789
2.51256,1.67371,0.30765,0.763649,-0.262249,0.53804,-0.281651,0.749682
2.53769,1.675,0.300149,0.771175,-0.259213,0.53649,-0.285067,0.750584
2.56281,1.67639,0.293257,0.779243,-0.256429,0.534854,-0.28833,0.751486
2.58794,1.67785,0.286971,0.787785,-0.253894,0.533153,-0.291432,0.752383
2.61307,1.67935,0.281288,0.796737,-0.251603,0.531404,-0.294367,0.75327
2.63819,1.68087,0.276197,0.806034,-0.249548,0.529621,-0.297134,0.754144
2.66332,1.6824,0.271679,0.815603,-0.247721,0.527814,-0.29973,0.755005
2.68844,1.68391,0.26771,0.825365,-0.246111,0.525992,-0.302157,0.755852
2.71357,1.68539,0.264267,0.835229,-0.244705,0.524159,-0.304415,0.756689
2.73869,1.68681,0.261331,0.845096,-0.243496,0.522318,-0.306502,0.757522
2.76382,1.68815,0.258887,0.854854,-0.242474,0.520466,-0.308414,0.758357
2.78894,1.68938,0.256928,0.864392,-0.241635,0.518603,-0.310145,0.759201
2.81407,1.69049,0.25544,0.873603,-0.240974,0.516731,-0.31169,0.76006
2.8392,1.69147,0.254406,0.882393,-0.240487,0.51486,-0.313046,0.760929
2.86432,1.6923,0.253798,0.89067,-0.240172,0.513011,-0.314214,0.761798
2.88945,1.69301,0.253582,0.898333,-0.240031,0.511224,-0.315192,0.762641
2.91457,1.6936,0.253722,0.905252,-0.240073,0.509555,-0.315976,0.763419
2.9397,1.6941,0.25418,0.911257,-0.240317,0.508085,-0.316558,0.764078
2.96482,1.69452,0.25492,0.916139,-0.240789,0.506909,-0.316922,0.764552
2.98995,1.6949,0.255906,0.919692,-0.241515,0.506123,-0.317055,0.764775
3.01508,1.69526,0.257104,0.921751,-0.242512,0.505804,-0.316948,0.764696
3.0402,1.69559,0.258475,0.922235,-0.243777,0.505988,-0.316602,0.764291
3.06533,1.6959,0.259981,0.921148,-0.245285,0.506673,-0.316031,0.763565
3.09045,1.69618,0.261572,0.918561,-0.246986,0.507814,-0.315261,0.762552
3.11558,1.69638,0.263195,0.914594,-0.248807,0.509337,-0.314326,0.761313
3.1407,1.69647,0.264784,0.909392,-0.250653,0.511142,-0.313269,0.759927
3.16583,1.69637,0.266266,0.903109,-0.252417,0.513111,-0.312137,0.758489
3.19095,1.69604,0.267568,0.895897,-0.253988,0.51513,-0.310976,0.757091
3.21608,1.69542,0.268626,0.887903,-0.255277,0.517101,-0.30983,0.755811
3.24121,1.69448,0.269391,0.879262,-0.25622,0.518955,-0.308732,0.754701
3.26633,1.69323,0.269825,0.870096,-0.256784,0.520655,-0.30771,0.753784
3.29146,1.69167,0.26989,0.860518,-0.256961,0.522194,-0.30679,0.753057
3.31658,1.68982,0.269543,0.850632,-0.256754,0.523591,-0.305995,0.752494
3.34171,1.68773,0.268727,0.840535,-0.256175,0.524882,-0.305357,0.752055
3.36683,1.68542,0.267369,0.830319,-0.255236,0.526117,-0.304908,0.751686
3.39196,1.68292,0.2654,0.82007,-0.253952,0.527345,-0.304681,0.751334
3.41709,1.68028,0.262765,0.809869,-0.252341,0.528611,-0.304702,0.750952
3.44221,1.67752,0.259438,0.799789,-0.250428,0.529942,-0.304987,0.750506
3.46734,1.67467,0.255429,0.789906,-0.248244,0.531345,-0.305542,0.749978
3.49246,1.67178,0.250769,0.7803,-0.245827,0.532805,-0.306365,0.749367
3.51759,1.66885,0.245504,0.771068,-0.243217,0.534293,-0.307454,0.748682
3.54271,1.66594,0.239687,0.762327,-0.240461,0.535757,-0.308807,0.74794
3.56784,1.66307,0.233368,0.754214,-0.237606,0.537139,-0.310428,0.747168
3.59296,1.66028,0.2266,0.746867,-0.234698,0.538372,-0.31232,0.746392
3.61809,1.6576,0.219433,0.740404,-0.23178,0.5394,-0.314483,0.745637
3.64322,1.65504,0.211923,0.734902,-0.228885,0.54018,-0.316908,0.744924
3.66834,1.65263,0.204136,0.730391,-0.226039,0.540692,-0.319576,0.744269
3.69347,1.65038,0.196141,0.726862,-0.223261,0.540928,-0.322457,0.743682
3.71859,1.64828,0.188022,0.724276,-0.220562,0.540899,-0.325512,0.743171
3.74372,1.64634,0.179868,0.722576,-0.21795,0.540618,-0.328693,0.742742
3.76884,1.64456,0.171782,0.721701,-0.215432,0.540106,-0.331949,0.742403
3.79397,1.64295,0.163866,0.721587,-0.213013,0.539385,-0.335225,0.74216
3.8191,1.6415,0.156215,0.722168,-0.210696,0.538479,-0.338468,0.742019
3.84422,1.64023,0.148909,0.723373,-0.208487,0.537417,-0.341632,0.741976
3.86935,1.63913,0.142004,0.725127,-0.206393,0.536234,-0.34468,0.742022
3.89447,1.63822,0.135537,0.727346,-0.204427,0.534978,-0.34758,0.742137
3.9196,1.63749,0.129527,0.729934,-0.202605,0.533708,-0.350306,0.742285
3.94472,1.63697,0.123989,0.732782,-0.200954,0.532502,-0.352828,0.742421
3.96985,1.63669,0.118933,0.735769,-0.199514,0.531459,-0.355112,0.742479
3.99497,1.63668,0.114372,0.738762,-0.198329,0.530694,-0.357119,0.742388
4.0201,1.63698,0.110315,0.74163,-0.197448,0.530322,-0.358813,0.742069
4.04523,1.63762,0.106767,0.744256,-0.196909,0.530442,-0.360163,0.74146
4.07035,1.63861,0.103725,0.746558,-0.196734,0.531116,-0.361152,0.740518
4.09548,1.63996,0.10117,0.748484,-0.196924,0.532359,-0.361784,0.739234
4.1206,1.64161,0.0990749,0.750022,-0.197457,0.534143,-0.362078,0.737625
4.14573,1.64353,0.0974044,0.751184,-0.198293,0.536399,-0.362068,0.735738
4.17085,1.64565,0.0961164,0.752004,-0.199374,0.539022,-0.361803,0.733641
4.19598,1.64787,0.0951658,0.752531,-0.200631,0.541882,-0.36134,0.731421
4.22111,1.65011,0.0945061,0.752823,-0.201986,0.544828,-0.36074,0.729179
4.24623,1.65226,0.0940921,0.752939,-0.203364,0.547714,-0.360066,0.727013
4.27136,1.65425,0.0938819,0.752933,-0.204696,0.550408,-0.359373,0.725009
4.29648,1.65602,0.0938387,0.752852,-0.20593,0.552815,-0.358704,0.723233
4.32161,1.65754,0.0939305,0.752727,-0.207033,0.554875,-0.358089,0.72172
4.34673,1.65878,0.0941302,0.75258,-0.207989,0.556567,-0.357545,0.720483
4.37186,1.65976,0.0944131,0.752423,-0.208796,0.557899,-0.357077,0.719513
4.39698,1.6605,0.0947565,0.752261,-0.20946,0.558899,-0.356685,0.718788
4.42211,1.66103,0.0951381,0.752095,-0.209996,0.559614,-0.356363,0.718273
4.44724,1.66138,0.0955362,0.75192,-0.210423,0.560097,-0.356102,0.717928
4.47236,1.6616,0.0959307,0.751731,-0.210759,0.560405,-0.355892,0.71771
4.49749,1.66171,0.0963045,0.751523,-0.211025,0.56059,-0.355722,0.717581
4.52261,1.66175,0.0966454,0.751292,-0.211236,0.560697,-0.355583,0.717508
4.54774,1.66173,0.0969459,0.751037,-0.211406,0.560759,-0.355467,0.717468
4.57286,1.66169,0.0972037,0.750758,-0.211543,0.560799,-0.355369,0.717442
4.59799,1.66163,0.0974202,0.750459,-0.211657,0.560831,-0.355284,0.717423
4.62312,1.66155,0.0976006,0.750144,-0.211751,0.560863,-0.355206,0.717404
4.64824,1.66147,0.0977526,0.749819,-0.21183,0.560898,-0.355134,0.717383
4.67337,1.66138,0.0978859,0.749492,-0.211897,0.560938,-0.355061,0.717363
4.69849,1.6613,0.0980114,0.749169,-0.211954,0.560981,-0.354985,0.717345
4.72362,1.66122,0.0981401,0.748859,-0.212002,0.561025,-0.354901,0.717332
4.74874,1.66115,0.0982827,0.748565,-0.212044,0.561069,-0.354806,0.717327
4.77387,1.66109,0.0984498,0.748294,-0.21208,0.561112,-0.354695,0.717332
4.79899,1.66104,0.0986529,0.748048,-0.212112,0.561152,-0.354562,0.717352
4.82412,1.66101,0.0989064,0.747829,-0.212141,0.561192,-0.3544,0.717387
4.84925,1.66099,0.0992294,0.74764,-0.212169,0.561231,-0.354197,0.717443
4.87437,1.661,0.0996482,0.747483,-0.212196,0.561274,-0.353938,0.717525
4.8995,1.66104,0.100196,0.747362,-0.212225,0.561324,-0.353602,0.717639
4.92462,1.66112,0.10091,0.747279,-0.212257,0.561384,-0.353167,0.717793
4.94975,1.66124,0.10183,0.747238,-0.212294,0.561458,-0.35261,0.717995
4.97487,1.66142,0.102985,0.747242,-0.212337,0.561551,-0.35191,0.718252
5,1.66165,0.104399,0.747292,-0.212388,0.561664,-0.351055,0.718567
