time,right_s0,right_s1,right_e0,right_e1,right_w0,right_w1,right_w2
0.131540,0.913794050308,-0.470542374959,-0.0898676483084,-0.00831981352191,0.857987982741,0.072662737334,0.508436356665
0.131935,0.913794050308,-0.470542374959,-0.0898676483084,-0.00831981352191,0.857987982741,0.072662737334,0.508436356665
0.200279,0.913510606631,-0.470059875317,-0.0904959900006,-0.00866740135104,0.858182550327,0.0727752755643,0.508085962938
0.300354,0.914205239119,-0.469686475721,-0.0896361622458,-0.00941703806398,0.857999572993,0.0727044892771,0.508391688933
0.400319,0.913815366876,-0.469592808737,-0.0905281165405,-0.00899441375108,0.858149616277,0.0729041354344,0.508117430956
0.500293,0.91349270381,-0.469757199343,-0.0905048140031,-0.00908065172794,0.858172110341,0.0729229212252,0.508075209352
0.600327,0.91376474487,-0.470492254596,-0.0901059065359,-0.00887422954093,0.858187589241,0.0724401968864,0.508121764539
0.700312,0.913653514546,-0.470099852353,-0.0904424312522,-0.00806700970967,0.858172731905,0.0731049441226,0.508065106767
0.800300,0.913834297312,-0.470184837671,-0.0900522124644,-0.00838375339001,0.858153057587,0.0727118858225,0.508149607982
0.900297,0.913866510109,-0.46990718313,-0.0897961022776,-0.00906635486228,0.857927743285,0.0729021506196,0.508490968402
1.000289,0.913660646846,-0.470320377344,-0.0900508221178,-0.00902501102919,0.858120398755,0.0725864968126,0.508211698898
1.100287,0.913578515753,-0.46967693113,-0.0907333219483,-0.00898880586036,0.858237522074,0.0728058453672,0.507983135501
1.200265,0.913875529784,-0.469826580977,-0.0902539995145,-0.00829747430779,0.858069070403,0.0730166054213,0.508249149209
1.300260,0.913789344685,-0.469781446742,-0.0903999515867,-0.00846368335871,0.858177825736,0.0729840839464,0.508067425614
1.400300,0.913922669443,-0.470487628275,-0.0897517849224,-0.0090637654846,0.857933061452,0.072427048827,0.508549931492
1.500557,0.913706173482,-0.47033423332,-0.0900889108119,-0.00875947109438,0.858178612238,0.0725687309104,0.508120576691
1.600305,0.913943818563,-0.469568976809,-0.090116813334,-0.00854460924346,0.857949944876,0.0731966043402,0.508420238438
1.700277,0.914470474349,-0.469916276928,-0.0891805949716,-0.00912810111914,0.857803216776,0.0726216724796,0.50874002373
1.800445,0.914318750151,-0.469493258824,-0.0897012382461,-0.00838589670629,0.857954067052,0.0731388267559,0.508424239771
1.900403,0.914254928057,-0.469762316394,-0.0895353968028,-0.00867379438488,0.857799947117,0.0730191023123,0.508696595934
2.000308,0.91371768509,-0.469956290662,-0.0902338340054,-0.00852770846643,0.858144489249,0.0728868032125,0.508136623043
2.100329,0.913875207307,-0.470361554104,-0.0899531451767,-0.0084256367067,0.85797347065,0.0727523853388,0.508446283037
2.200289,0.914144633807,-0.470214643617,-0.0895632569432,-0.00830721073515,0.85783914133,0.0729233239609,0.508650357981
2.300273,0.913815104769,-0.470877237385,-0.0899979391209,-0.00860803463817,0.858135771604,0.072161003886,0.508253567378
2.400297,0.913701216042,-0.470371387027,-0.0903263658713,-0.00914118004959,0.858114952015,0.0724778195054,0.508234329453
2.500379,0.913945237622,-0.470003742647,-0.0897347241894,-0.00828978950083,0.85793026284,0.073142085717,0.508465513865
2.600282,0.915470346832,-0.471100678755,-0.0874648361763,-0.00941190798415,0.857206209004,0.0719945627754,0.509829102899
2.700317,0.916742154268,-0.471017289364,-0.0849406948182,-0.0107591870021,0.856529046212,0.0714376811289,0.511017505185
2.800364,0.921879567742,-0.471819021513,-0.0753562731064,-0.0124133154376,0.852394359243,0.0711816659908,0.517883130018
2.900326,0.928651440995,-0.473982999224,-0.060310717251,-0.0146560640375,0.845968021606,0.0705186553352,0.528346879859
3.000268,0.935972272493,-0.476703753951,-0.0451453756392,-0.0163249323227,0.841439974018,0.0685146305964,0.535740620172
3.100327,0.945392684782,-0.481022237159,-0.0246962412519,-0.0188353101451,0.836065332473,0.0649633184855,0.544444449123
3.200313,0.955357996705,-0.483499469239,-0.00274351417732,-0.0232832251932,0.830027558983,0.0608176785999,0.553907350306
3.300329,0.965919226578,-0.485479168236,0.0215106688311,-0.0236355877061,0.823562314504,0.0598596405868,0.563563036892
3.401157,0.976043286368,-0.483380013284,0.0474035578918,-0.0195536483968,0.817281849756,0.0646675321637,0.572264050223
3.500356,0.98118843604,-0.476381307615,0.0690003169665,-0.0156577902217,0.813738793765,0.0723535843057,0.576497153475
3.600376,0.983600942926,-0.465146752794,0.0910779650742,-0.0156964366533,0.810596583421,0.0794737686897,0.579974758858
3.700314,0.983916629907,-0.453733275171,0.110364269356,-0.0175928777195,0.810189059519,0.0835430815879,0.579917866605
3.800303,0.985631942976,-0.442351726424,0.126523806356,-0.0225882707476,0.813851494327,0.080675981463,0.575001653233
3.900361,0.987739517507,-0.428316151078,0.140448395239,-0.0303590432957,0.81914833091,0.0754888117035,0.567781454228
4.000370,0.992486038824,-0.411209648253,0.164441303489,-0.0398005654178,0.816547975672,0.0753279024551,0.570956237841
4.100302,0.998792298737,-0.389954733397,0.190823230779,-0.0451335612129,0.809879908304,0.0836430060635,0.578844835267
4.200359,1.00237991578,-0.364151410605,0.20404689303,-0.0462255764399,0.807891929067,0.0970322920476,0.579446771784
4.300298,1.00562941631,-0.333364921251,0.214244814682,-0.0444161143135,0.805841052136,0.116242681257,0.578908495823
4.400245,1.00769313659,-0.305134151121,0.218946199857,-0.0343473279666,0.805397122251,0.136491066819,0.575782880268
4.500229,1.00810619498,-0.279966912972,0.215767868751,-0.0278331115156,0.81030770927,0.145849177857,0.566881602735
4.600302,1.01056065244,-0.252408338669,0.21410485367,-0.0318794043716,0.81402384856,0.149641835573,0.560317944206
4.700303,1.01200746613,-0.218100398295,0.215442632508,-0.0335457376114,0.815483376758,0.161181195135,0.554871307651
4.800296,1.0099794765,-0.183157912082,0.210034512304,-0.0352813210477,0.821101566821,0.167956507445,0.544369412216
4.900599,1.00457177032,-0.145469152111,0.19982040383,-0.0412528931323,0.827768777179,0.17550944924,0.531312980797
5.000696,0.996585972829,-0.106183154158,0.190468710877,-0.046092058218,0.833136937896,0.185521736785,0.518979816624
5.100329,0.986747814137,-0.070643416503,0.181073047154,-0.0505271942398,0.838411417065,0.194385142785,0.506683051464
5.200186,0.974952393707,-0.0423752025906,0.164995752197,-0.0495954628894,0.847200950007,0.199343289161,0.489952133819
5.300305,0.961972885842,-0.019835623933,0.14962451386,-0.0491680951915,0.853577981555,0.204616671971,0.476570189343
5.400327,0.950040277046,-0.00557986787539,0.129706219616,-0.0485677606275,0.859637631233,0.208559737197,0.463861133978
5.500266,0.939433412683,0.00640694541739,0.107387355698,-0.0477678964384,0.865265008941,0.212734610118,0.451418517598
5.600321,0.930529086961,0.0176348196635,0.0880972763323,-0.0524808217553,0.866616493321,0.219385274849,0.445074957768
5.700265,0.921692302569,0.0247099675392,0.0659003472499,-0.0588281489117,0.867546432046,0.224596304815,0.43983967193
5.800326,0.913249767252,0.026390117333,0.0436446127959,-0.066222711992,0.869063911101,0.225069273884,0.435529898849
5.900324,0.906383061484,0.024324963098,0.0222692631498,-0.0853293312791,0.869500772683,0.216701613964,0.435577458132
6.000302,0.901997883983,0.0213721194738,0.00222915100534,-0.102818966778,0.869425397235,0.208124101079,0.436133118742
6.100249,0.901184497548,0.0161610153133,-0.0154942639224,-0.111611221061,0.868929648685,0.202992894079,0.437376366443
6.200275,0.902049500458,0.0120704077215,-0.0310602480021,-0.122866701173,0.867101716443,0.197318368501,0.440572183117
6.300277,0.903653964172,0.0100136843317,-0.0437077776584,-0.133983682517,0.863605728221,0.193601292248,0.445816171356
6.400288,0.906690132815,0.00803889927495,-0.0553308971583,-0.14404175546,0.860028968087,0.189422545037,0.451354900458
6.500313,0.908821781565,0.00531519741364,-0.0665370290535,-0.154335377482,0.858157501451,0.183217601932,0.45406784108
6.600284,0.910106927892,0.00395743356883,-0.0759979084184,-0.163697520786,0.856825028731,0.177440814473,0.455597134745
6.700308,0.909955729257,0.00260090509751,-0.0835778070987,-0.171732862797,0.856408050697,0.172043905746,0.455493105362
6.800284,0.909358098942,0.00299564015185,-0.0860859588577,-0.176999783271,0.854442091282,0.170553948138,0.457723868879
6.900296,0.90964130106,0.00260902440542,-0.0856793356389,-0.179820488591,0.852874750433,0.169970171436,0.459760147011
7.000300,0.909779874916,0.00272134289709,-0.0858348494074,-0.179624311083,0.852965061767,0.169945083149,0.459678560504
7.100282,0.908731303863,0.00284848575113,-0.0866656086782,-0.180859858937,0.853332968474,0.169434993601,0.458698527667
7.200311,0.90935540887,0.00263655564765,-0.0858079403978,-0.180550465756,0.853039919746,0.169387870559,0.459382383144
7.300369,0.909511929633,0.00209797774815,-0.0857858890417,-0.18101935721,0.852937792912,0.168922269412,0.459558897894
7.400292,0.909200119254,0.0034444557373,-0.0854766275225,-0.181445524262,0.852859422315,0.169265803468,0.459409855435
7.500332,0.909995781075,0.00289755205662,-0.084833171006,-0.181337568033,0.852617850838,0.168978059627,0.460006415409
7.600314,0.909263209438,0.00309067114919,-0.0854745045955,-0.182193960572,0.852704468747,0.168842972217,0.459556852243
7.700299,0.909763848567,0.00179676100916,-0.0853396654932,-0.181034143887,0.852846433087,0.168737176925,0.459790566934
7.800452,0.909827512998,0.00208639587323,-0.0852917021398,-0.181211678529,0.852812434448,0.168725669775,0.459787915864
7.900356,0.908929291953,0.00311863291761,-0.0856934449091,-0.181249260114,0.852985946676,0.169283801536,0.459245767557
8.000296,0.909053414562,0.003294873577,-0.0857015701885,-0.181315811838,0.852913160744,0.169488449489,0.459279198414
8.100294,0.910019584064,0.00173784798715,-0.0850329324099,-0.180536003974,0.852866544437,0.168773775121,0.459935671024
8.200289,0.909135353303,0.00205482229271,-0.0861234335678,-0.180613910009,0.853342038697,0.168902847839,0.458974736228
8.300351,0.909304493546,0.00332258739931,-0.0851120008136,-0.181474435321,0.852682623672,0.169382750105,0.45968343083
8.400287,0.909613660897,0.00270554784142,-0.0850880953062,-0.180859912725,0.85283395699,0.169383364692,0.459644655727
8.500337,0.908977176146,0.00260734406331,-0.0859009007955,-0.181057513597,0.85318006759,0.169014754387,0.459059867377
8.600290,0.909426599493,0.00264781426279,-0.0852781621936,-0.181330502479,0.852840930914,0.169009995052,0.459583743187
