time,right_s0,right_s1,right_e0,right_e1,right_w0,right_w1,right_w2
0.123839,1.17630348202,-0.237429870946,0.354615627489,-0.297729206199,0.514750657904,-0.301996549649,0.745108826927
0.123944,1.17630348202,-0.237429870946,0.354615627489,-0.297729206199,0.514750657904,-0.301996549649,0.745108826927
0.200592,1.17634907342,-0.236624194341,0.354649074162,-0.297225807773,0.515037233145,-0.301404048608,0.745351639933
0.300284,1.17631942188,-0.235980079535,0.354616919451,-0.297769331045,0.514765472467,-0.301411446376,0.745319444157
0.400263,1.17610175328,-0.236481432845,0.354937504211,-0.297186926107,0.514561680293,-0.301168288623,0.745790768281
0.500261,1.17620150778,-0.236974275109,0.353964694028,-0.297173714647,0.515462075935,-0.301209746572,0.745157245262
0.600272,1.17609080962,-0.236143269262,0.354644756722,-0.297456806482,0.514781075841,-0.301192518764,0.745521937218
0.700313,1.17619740597,-0.235029115698,0.355037984895,-0.297514857394,0.514550563404,-0.300870227116,0.745787995187
0.800323,1.17607219446,-0.235850879291,0.354300924497,-0.298001840703,0.514896547785,-0.301360679874,0.74515648601
0.900284,1.1758672404,-0.23462831939,0.353000016662,-0.298045372894,0.515628873673,-0.300177158866,0.745110390228
1.000275,1.17596311094,-0.235550351684,0.352216689234,-0.298411558942,0.516045573489,-0.300624581059,0.744494707056
1.100273,1.17627691125,-0.23455230533,0.352392694949,-0.298883998033,0.516335644104,-0.300233220885,0.744261964247
1.200269,1.17820598037,-0.235909284089,0.349995127099,-0.300484158136,0.520200954246,-0.300735307077,0.740714866186
1.300241,1.18034908921,-0.238376815698,0.353929755625,-0.298341479908,0.521064478713,-0.301668592213,0.740594511769
1.400272,1.18263812257,-0.239909491616,0.365972005081,-0.295805620476,0.514314393435,-0.30571146631,0.744661157149
1.500260,1.18654612975,-0.24416755803,0.38404035944,-0.293600124015,0.505321507205,-0.313141417943,0.748593076312
1.600241,1.19284028617,-0.245978769154,0.402022403002,-0.294881026948,0.498816006871,-0.319860766331,0.749611140124
1.700268,1.20070154476,-0.245580218893,0.417882456598,-0.29486492677,0.497736784933,-0.323766735241,0.748657377601
1.800245,1.20789228878,-0.240488387281,0.43514052463,-0.29572530184,0.495435341009,-0.326436930914,0.748685046509
1.900240,1.2127587374,-0.231691608926,0.454794537979,-0.295955130128,0.489953779666,-0.328376495516,0.751348608793
2.000268,1.21542833752,-0.219964084499,0.474724605606,-0.296164320547,0.482130961679,-0.329656986973,0.755753069439
2.100248,1.21724226302,-0.205182711966,0.489206169988,-0.297117328354,0.476970031641,-0.327912364825,0.75940395252
2.200241,1.2178309658,-0.187655211737,0.49749206065,-0.300222921577,0.47296123141,-0.324271306309,0.762247985139
2.300286,1.21581142448,-0.16620312585,0.50477773484,-0.302256980027,0.466636802922,-0.31842352126,0.767787257834
2.400323,1.2130766553,-0.14218592599,0.509059656399,-0.304657065866,0.461855469074,-0.31006610638,0.773131688381
2.500389,1.20928154883,-0.115976334097,0.510077062545,-0.31142178178,0.455365034669,-0.303130316205,0.777027136226
2.600419,1.20380696487,-0.0856984935896,0.51131473772,-0.316142701755,0.448419525933,-0.292920106456,0.783052700732
2.700289,1.19930622925,-0.0564245039576,0.51051391468,-0.324803170473,0.443410376808,-0.286000713727,0.784916384042
2.800217,1.19413954689,-0.0275881461499,0.507159352004,-0.333571490384,0.439149458427,-0.277908365393,0.786539734795
2.900257,1.19084428748,-0.00228058009133,0.498743376688,-0.34378207676,0.439361709147,-0.270586012968,0.784575287541
3.000239,1.18984291069,0.0196493728712,0.481778708176,-0.357001766373,0.44536250672,-0.264025502174,0.777491164333
3.100242,1.18841318535,0.0379018938028,0.458264343642,-0.371777935709,0.450067122339,-0.25982844582,0.769226839529
3.200291,1.18538688227,0.0533745963011,0.435560944331,-0.381015024846,0.453255718287,-0.253649530182,0.764884775976
3.300282,1.18432882751,0.0596769380658,0.409666127095,-0.385455615267,0.461044016157,-0.247106948152,0.76013192276
3.400311,1.18359026207,0.0599588338085,0.384443493116,-0.384277034196,0.47049246001,-0.239775001013,0.757281952084
3.500255,1.18122957843,0.0557038532207,0.364840702085,-0.379281076871,0.47361036902,-0.235739554733,0.75912182515
3.600218,1.17927146502,0.0455426781673,0.345237522386,-0.36825734706,0.480058029558,-0.231853324627,0.761692096882
3.700315,1.17617843232,0.0338196205367,0.320365342208,-0.362799674319,0.486492015258,-0.229915353386,0.760815907879
3.800287,1.1738410137,0.0145557376958,0.294277768276,-0.352382913677,0.497969788283,-0.228744334397,0.758635882085
3.900334,1.17277180193,-0.0099769675123,0.270446338216,-0.338433061571,0.513437432599,-0.228767742767,0.754659118749
4.000273,1.17126497028,-0.0355992160784,0.248467839378,-0.328407124519,0.526833919408,-0.231862717091,0.748888818416
4.100299,1.16883793552,-0.0625209654037,0.231380581904,-0.315170781708,0.538701331682,-0.235606161889,0.744955025543
4.200325,1.16707466327,-0.0882459105632,0.221604810086,-0.306060359757,0.545589616471,-0.241998885537,0.741684276483
4.300294,1.1662867848,-0.11760285089,0.217550903137,-0.295134490792,0.549747639442,-0.250392282214,0.740254598284
4.400282,1.1659407116,-0.142465602103,0.222614759548,-0.284013127507,0.547046579675,-0.259942821028,0.743307683846
4.500505,1.16762934674,-0.167084912496,0.231839054867,-0.274163943816,0.544072607665,-0.269946513291,0.745619212106
4.600284,1.1696832643,-0.189506503353,0.245782925186,-0.263603053197,0.54038157737,-0.279220374858,0.748690298754
4.700390,1.17255793087,-0.205203862376,0.261775990332,-0.257391190108,0.536232736918,-0.286872991577,0.750938155786
4.800279,1.17583158497,-0.220327219626,0.28055153919,-0.250608683112,0.532613576111,-0.293293623692,0.753323912266
4.900257,1.18041967712,-0.231079901273,0.302730952634,-0.246552121171,0.528864365851,-0.299485893982,0.754866036715
5.000254,1.18496124478,-0.238683776033,0.323998450356,-0.245794149918,0.525682026707,-0.305332410758,0.754993881832
5.100250,1.18859023479,-0.244527545404,0.347391766977,-0.24255951871,0.521997713911,-0.309323958774,0.756968926101
5.200251,1.19155261105,-0.250070869766,0.370484955924,-0.240702465125,0.517696163761,-0.314233858297,0.758491982561
5.300258,1.19410642503,-0.251590701919,0.393536258611,-0.238342868336,0.514083501809,-0.316076305175,0.76092483176
5.400249,1.19575281944,-0.251552514705,0.413557983594,-0.237154704856,0.510293010963,-0.317636323353,0.763194506672
5.500281,1.19542505402,-0.247404942698,0.433504123336,-0.239366514914,0.501783670127,-0.319926650017,0.767179091569
5.600240,1.19512543568,-0.245860613512,0.444043926023,-0.2383787948,0.498378033883,-0.320308149448,0.76954374465
5.700244,1.19489067231,-0.243458023163,0.447412618675,-0.239182653221,0.496615263892,-0.320408795045,0.770391551177
5.800249,1.19736775778,-0.237552637765,0.435712141704,-0.244139394823,0.504306136431,-0.31611105319,0.765601122455
5.900297,1.19984108502,-0.232762745836,0.416242699387,-0.253213232131,0.513380870599,-0.313847446186,0.757511004078
6.000252,1.20032126896,-0.227520899897,0.391762346196,-0.261726056556,0.521750995328,-0.307944234991,0.751296025765
6.100242,1.19800713912,-0.224712948029,0.367233077025,-0.26498355803,0.526077170865,-0.304912587663,0.74836811674
6.200238,1.19097936018,-0.223964849612,0.348043927016,-0.261070290694,0.522028517614,-0.303624571556,0.753087411701
6.300268,1.18403882504,-0.225002206147,0.32679010504,-0.257127540532,0.52049879684,-0.302658182426,0.755886535796
6.400255,1.17887313193,-0.230304274865,0.297010350525,-0.255643007145,0.527972891663,-0.300903303874,0.751896588824
6.500275,1.17398296645,-0.238473801291,0.266993400528,-0.252132421328,0.538568110419,-0.299514535919,0.746099641689
6.600302,1.16772316916,-0.253689219211,0.242506707773,-0.242510391024,0.547267825246,-0.301281465005,0.742237237371
6.700259,1.1598340747,-0.270754312953,0.224704786835,-0.235849767742,0.548557436694,-0.307063572919,0.741061122911
6.800247,1.15047705682,-0.288192637827,0.216089039184,-0.227053225733,0.543812664323,-0.315010851926,0.743964234339
6.900260,1.14358786721,-0.307585604778,0.210137906153,-0.218947141578,0.541894560266,-0.322530076854,0.744571544094
7.000270,1.14056830084,-0.326086921256,0.212217187274,-0.213754192832,0.539617564448,-0.330933932541,0.744046209236
7.100268,1.13938540452,-0.347759927262,0.214256542969,-0.210088518162,0.540093328911,-0.339717514746,0.74077933339
7.200266,1.13682336739,-0.367136967543,0.215906470468,-0.206553535041,0.539027202874,-0.347473385658,0.738950308196
7.300411,1.13300656096,-0.384038684442,0.224960629216,-0.200764539558,0.532225211685,-0.35598930497,0.741418598667
7.400295,1.12950935505,-0.397004159956,0.234669485589,-0.194827186449,0.525507784635,-0.362863243898,0.744455641349
7.500306,1.1298365064,-0.402883947881,0.246757264949,-0.192330155209,0.520198329307,-0.366976881632,0.746813750497
7.600268,1.13221439491,-0.403982278107,0.257310974529,-0.191045266851,0.51758682718,-0.36845312244,0.748229830271
7.700264,1.13813405808,-0.408306170476,0.264686174768,-0.190426163814,0.522834097917,-0.368202573099,0.744855185492
7.800336,1.15006643815,-0.408828496207,0.25876693162,-0.198833958745,0.541700273257,-0.362709270025,0.731756691969
7.900303,1.16158863812,-0.407901074962,0.249968010248,-0.209319642887,0.562228190981,-0.356065331683,0.716451134371
8.000304,1.16104471749,-0.406472615664,0.258025963332,-0.209048338405,0.555977612935,-0.358231545052,0.720317878617
8.100325,1.16034079882,-0.406755423724,0.255229759179,-0.210352231418,0.556500024086,-0.358608405757,0.719346698922
8.200276,1.16036972332,-0.40457384194,0.251836245743,-0.21118561513,0.558640999574,-0.35684547078,0.71831899567
8.300238,1.16088349489,-0.401916913127,0.253807911868,-0.211668666197,0.557316341513,-0.356345755269,0.719452968536
8.400284,1.16106724269,-0.401317119273,0.254612384691,-0.211827612299,0.556920456831,-0.356438150733,0.719666945283
8.500539,1.16103449211,-0.401893663321,0.254086548968,-0.21147145193,0.55752649377,-0.356471095877,0.719286029037
8.600287,1.16090196435,-0.401592385936,0.251966278893,-0.212245053928,0.558399686578,-0.35608630013,0.718571063969
8.700266,1.16068571828,-0.402051603766,0.251157022994,-0.211921172946,0.558690363464,-0.355908808123,0.718528645588
8.800304,1.16066888571,-0.40122974763,0.24943237805,-0.212526742921,0.559445287967,-0.35547586789,0.717976504256
8.900288,1.16078273959,-0.401573277147,0.250493976124,-0.212344172711,0.559019598593,-0.355738718007,0.718231860346
9.000245,1.16051130462,-0.401327772376,0.248929493073,-0.212705246335,0.559545378159,-0.355540970167,0.71781339253
9.100250,1.16057587337,-0.400782809229,0.248782962484,-0.212476424251,0.559628905451,-0.354998874649,0.71808429611
9.200255,1.16036967819,-0.401586350772,0.24838635606,-0.212386747085,0.5596638608,-0.355397616781,0.71788631869
9.300293,1.16026617065,-0.401587257967,0.247737351941,-0.212589760408,0.559914979137,-0.355435538242,0.717611585792
