time,right_s0,right_s1,right_e0,right_e1,right_w0,right_w1,right_w2
0.091924,1.17187086419,-0.380443719043,0.384984433219,0.268330676368,0.816226305148,0.208673273307,0.467149581946
0.100188,1.17182409415,-0.380408065513,0.384726444839,0.267889481827,0.816478550667,0.208276057907,0.467139257107
0.200260,1.17196242906,-0.380514760433,0.38498731398,0.268670342987,0.816001089561,0.208871786411,0.467259077468
0.300253,1.17206781649,-0.380569087752,0.385871250433,0.268400221419,0.815830036739,0.208770280533,0.467758102296
0.400272,1.17188302832,-0.380163195774,0.384720047779,0.267839503711,0.816500810111,0.208418229731,0.467065593739
0.500279,1.17229958662,-0.380643778367,0.386257416962,0.268010666668,0.815669707087,0.208506331092,0.468378395518
0.600277,1.17208729392,-0.380373701975,0.385055353711,0.268531460008,0.816008252145,0.208715758657,0.467396105574
0.700281,1.17194261802,-0.380251223644,0.385545340501,0.268255510073,0.816023356156,0.208799656714,0.467490713148
0.800264,1.17213592668,-0.379950955484,0.385852983521,0.267642100875,0.8161006086,0.208499454291,0.467841297922
0.900242,1.17193667811,-0.380742922289,0.384569820176,0.268590220331,0.816149353162,0.208572004136,0.46718010014
1.000279,1.17194761999,-0.38017511267,0.385559992756,0.267450140665,0.816385342758,0.20819932024,0.467587892743
1.100280,1.17204245073,-0.380364568139,0.384575614682,0.267885273527,0.816380801182,0.208026313599,0.467423705582
1.200240,1.17208773133,-0.379270164909,0.386000978434,0.268192155279,0.815894257323,0.209505326799,0.467436676734
1.300282,1.1719739683,-0.381449127716,0.38623200282,0.268233563593,0.815829662305,0.208155104627,0.468128369022
1.400284,1.1717074498,-0.38119583723,0.386758408039,0.267779524098,0.816086498854,0.208020140398,0.468000613302
1.500228,1.17096858725,-0.384242648424,0.385343451532,0.267865019052,0.81705145603,0.204921328491,0.467635006065
1.600230,1.17023113601,-0.385616483556,0.383132213851,0.266645517862,0.818861129944,0.201236452653,0.466766009682
1.700225,1.16969842218,-0.390888102858,0.383309937538,0.266800454498,0.819146568834,0.19694293849,0.468006298276
1.800261,1.16895312954,-0.397364937064,0.382882465902,0.26773418467,0.819286204109,0.192340857511,0.469141254473
1.900265,1.16783732547,-0.403865472646,0.381183118073,0.26818542618,0.820323618151,0.186142271415,0.469570860979
2.000237,1.16515198294,-0.410923633155,0.377034654552,0.269526808691,0.822751905497,0.180593170085,0.466712661405
2.100314,1.16127716746,-0.418204525166,0.371894275992,0.27041662882,0.826420751182,0.174601230032,0.461971859907
2.200273,1.15988733403,-0.425055812596,0.37007992212,0.271839867046,0.827016516522,0.169739840211,0.461882187067
2.300295,1.15832858935,-0.433248404011,0.365956948238,0.274296352263,0.827672560216,0.164980051557,0.460978553502
2.400233,1.15531229919,-0.440601223591,0.356354677919,0.27695689938,0.83043890701,0.16146545984,0.455625946242
2.500251,1.15385831697,-0.44891001236,0.346819707334,0.28250386591,0.830481230703,0.160818668891,0.452360306539
2.600234,1.15188998913,-0.458878478952,0.337323310652,0.287667356569,0.830805682544,0.158181112466,0.449430912906
2.700231,1.14901110796,-0.467640802378,0.325805943237,0.292888129628,0.832090983862,0.15636745608,0.444286345478
2.800229,1.14632886387,-0.475961916118,0.313921376137,0.29936931863,0.832453218482,0.15582834905,0.439450993553
2.900255,1.14214053241,-0.483616344171,0.298226706021,0.306380415312,0.834029471792,0.155246552317,0.431768907275
3.000264,1.13734732692,-0.488590102187,0.281392727426,0.313802439501,0.835684708937,0.156425472911,0.422717597974
3.100245,1.13134920767,-0.492319723599,0.264025376511,0.317935373879,0.839221822963,0.154449187771,0.413242396538
3.200229,1.12401031539,-0.496097994688,0.244249755223,0.325279484029,0.842161326658,0.151485453481,0.402504303748
3.300242,1.12079087609,-0.498216460419,0.230252282256,0.332344875967,0.841359537235,0.150098301269,0.3989129134
3.400260,1.11592189418,-0.499664204998,0.215015403283,0.338099764258,0.842161774636,0.147555688659,0.393293037689
3.500227,1.10689561487,-0.494985646701,0.193486806985,0.343001894449,0.84702181187,0.146568395511,0.378710253436
3.600321,1.09871383152,-0.486760150807,0.174436731503,0.345807426633,0.851816170773,0.146157756736,0.365327722792
3.700315,1.09269965326,-0.475706024607,0.157107613362,0.347907925292,0.855390651458,0.146800735194,0.354565160533
3.800303,1.09202617942,-0.463634743452,0.144877545154,0.347707304021,0.8561388135,0.146093569534,0.353245851624
3.900269,1.09333790395,-0.453357347872,0.134024979114,0.344698349479,0.856167529665,0.141173324015,0.358092588028
4.000376,1.09273036321,-0.434602059131,0.120481612287,0.34691850097,0.855442518079,0.144341448342,0.356414363118
4.100309,1.09381222177,-0.408525857548,0.109547252987,0.353403981938,0.851571112732,0.155120463063,0.354781492541
4.200314,1.09415240064,-0.380006818804,0.0991351797694,0.360035984791,0.847632828077,0.166742193268,0.352263707195
4.300318,1.0959533909,-0.350919295015,0.092531941561,0.366776494337,0.842138745663,0.178201376943,0.35287619006
4.400326,1.09861996749,-0.319359420354,0.0891921241826,0.373894638522,0.835903227712,0.191873353473,0.35306261401
4.500258,1.10403973807,-0.286916212681,0.0919023484671,0.377295795418,0.829852285298,0.207073835174,0.355124617749
4.600468,1.10914983107,-0.254287313205,0.0972838931807,0.375210556811,0.826726915439,0.220743130676,0.356387591825
4.700407,1.11464240494,-0.222644941068,0.107726939133,0.380871304478,0.818678993309,0.239187647449,0.357058853199
4.800420,1.11923273309,-0.195115482892,0.119944143322,0.391232534709,0.807993733839,0.260435767756,0.355325823345
4.900306,1.12061415098,-0.170003184918,0.130727765458,0.386425094915,0.807148884628,0.2712586195,0.354408077518
5.000301,1.12196822574,-0.148849504879,0.143865097246,0.381868133365,0.806026993779,0.280388749841,0.354794818146
5.100363,1.12430793974,-0.128050741763,0.161914169914,0.376333137535,0.803453690072,0.291095728458,0.357908947046
5.200256,1.12807866606,-0.111868132487,0.184224617969,0.379315876812,0.795045672325,0.306456173771,0.360702728119
5.300225,1.13355084635,-0.104379008599,0.207043459197,0.387795507317,0.782782550452,0.319906775714,0.366777559379
5.400189,1.13965639154,-0.102149484664,0.230512476937,0.396605920184,0.769539075953,0.330116191772,0.376213575761
5.500310,1.14405562784,-0.100319593473,0.253125964948,0.404870126244,0.757430220157,0.341062019382,0.382173182475
5.600258,1.14707054096,-0.09997286572,0.273448402773,0.406344421497,0.750328314236,0.348242019585,0.38809680206
5.700300,1.14984595768,-0.100629146839,0.292286901642,0.405672323067,0.744932665593,0.35402538526,0.393917905942
5.800262,1.15283438642,-0.101698008014,0.312996307452,0.404821802831,0.738955591526,0.360876916199,0.399789686035
5.900267,1.15714666769,-0.104469446641,0.338255462634,0.40118345359,0.73240361879,0.367253727347,0.409586957188
6.000287,1.16144282334,-0.109730104473,0.360727118985,0.397674895459,0.726607882086,0.371532025358,0.41935619388
6.100305,1.16420333822,-0.113554827611,0.380201045212,0.398492955283,0.720278515658,0.379344654525,0.422492434908
6.200296,1.16790382067,-0.118804716194,0.398270968049,0.408003208094,0.70883650292,0.39224061725,0.420988708271
6.300287,1.17170118769,-0.125220245979,0.415071255149,0.411924250813,0.70154950869,0.402103623295,0.42007067808
6.400241,1.17108283594,-0.127949197735,0.42487875942,0.40454223262,0.707285881312,0.407193331461,0.412657066991
6.500269,1.17122612406,-0.135326976955,0.439045499279,0.395954903574,0.711972434539,0.410890118436,0.409248429887
6.600248,1.17203662381,-0.152882050388,0.449833944252,0.391954506988,0.714215235397,0.409426640835,0.410655680288
6.700230,1.17327459626,-0.179165842711,0.452224167642,0.396210213466,0.713369040107,0.404357498701,0.413058219391
6.800256,1.17474443588,-0.209411595563,0.453721240663,0.404903904244,0.708348595909,0.398872325084,0.418564168658
6.900288,1.17576571806,-0.241121596659,0.454504203303,0.414457527396,0.702597397706,0.392633343618,0.424759828847
7.000234,1.17558018056,-0.27114313756,0.452621936665,0.423716526063,0.698172215314,0.385945850938,0.429028744315
7.100264,1.17390681206,-0.29722425239,0.447564958832,0.429428907647,0.697939085213,0.376826323749,0.431826085756
7.200392,1.17234327723,-0.323339658684,0.439987501343,0.43273999816,0.699805822,0.363199520386,0.437143013074
7.300347,1.17030304693,-0.348266012949,0.433256766807,0.439823576282,0.698443103949,0.354563805442,0.439336955154
7.400306,1.16744485955,-0.368819404272,0.423060015329,0.445330237051,0.699942460158,0.345760421202,0.438419050186
7.500298,1.16487094973,-0.389478495293,0.409450205164,0.451596864456,0.701125054743,0.336191787737,0.437560294685
7.600277,1.16305699076,-0.408354020414,0.39542041399,0.457537645432,0.701360093077,0.328293253075,0.437008996289
7.700251,1.1604578875,-0.424189572277,0.381637790088,0.463362178569,0.702102706336,0.321486088902,0.434734373922
7.800311,1.15782598515,-0.438206458096,0.3667913954,0.468083434441,0.703689058321,0.31457068997,0.432163034761
7.900289,1.155158131,-0.450677921268,0.353042208796,0.471400807374,0.705850358212,0.307951255692,0.429793642039
8.000349,1.15012700911,-0.457137513641,0.336551408645,0.475385746592,0.710785417877,0.304897259357,0.419321049921
8.100365,1.14377435924,-0.461278883748,0.319582576513,0.479312728044,0.716694623029,0.302789603335,0.406111539073
8.200348,1.13906261641,-0.468451666624,0.306986009123,0.483619775072,0.719239272929,0.30030914735,0.398272767653
8.300268,1.13426260933,-0.476307711403,0.295385996609,0.488307534538,0.721014730141,0.297710250361,0.391231539453
8.400232,1.12890569229,-0.48116825109,0.281966702597,0.491094167877,0.725019782556,0.295151397712,0.382175987744
8.500221,1.1238343351,-0.484039921851,0.267579791472,0.487308606004,0.733274657466,0.289839152838,0.375275718258
8.600359,1.120835698,-0.488045744459,0.256970341422,0.485752738676,0.737661531196,0.285343843689,0.372127173331
8.700281,1.117773096,-0.486263809026,0.246170314849,0.48755382116,0.740329746969,0.285682277359,0.364127414003
8.800284,1.11388109113,-0.484553607081,0.236499592216,0.488509655905,0.743921553804,0.285475945405,0.355587573559
8.900276,1.11184027148,-0.482916608884,0.228122259202,0.489986946844,0.74563682689,0.285264677069,0.350089386193
9.000312,1.10866459093,-0.481571177294,0.216390509875,0.49275102291,0.747333605695,0.285421879173,0.34237882836
9.100290,1.10603382896,-0.480602021111,0.20288763127,0.495170931843,0.749238558135,0.283682878856,0.336112117464
9.200244,1.10365687059,-0.479230668747,0.187802335689,0.499079417829,0.749843983457,0.283039494874,0.329457705197
9.300229,1.10238911888,-0.476902336717,0.176963155533,0.503465147518,0.748363196927,0.286124654594,0.323431681741
9.400265,1.10134018909,-0.473976178207,0.169062715389,0.507334175229,0.746662776885,0.289722302419,0.318068734301
9.500246,1.10058038857,-0.4686268471,0.163610254001,0.509424244847,0.746014482216,0.294237691959,0.312047290835
9.600267,1.09811853375,-0.465214388259,0.160322114046,0.507324754629,0.74975573402,0.293410411813,0.307243002985
9.700223,1.09663317048,-0.466937279717,0.157121823525,0.50768516654,0.750851703516,0.290792690159,0.30645897336
9.800266,1.09510312771,-0.466641432034,0.154069704142,0.508333818031,0.751575599432,0.289993098262,0.304359739034
9.900319,1.09447652443,-0.466525935151,0.153106652821,0.508108136367,0.752275194928,0.289177439727,0.303783740852
10.000227,1.09478396587,-0.465459763857,0.153164435552,0.50785527882,0.752394938692,0.289369362381,0.303727252844
10.100260,1.09490459759,-0.465328208441,0.152992590844,0.507849739216,0.752473463614,0.289058506674,0.303837964472
10.200244,1.09495755091,-0.46411684111,0.152778798005,0.507234443063,0.75293427801,0.28931837328,0.30347664103
10.300317,1.0950034767,-0.464029257975,0.153051471671,0.507259865582,0.752804516324,0.289571402292,0.303514731021
10.400230,1.09521125971,-0.463791491995,0.153319040392,0.506997252581,0.752974965585,0.289400994463,0.303693186427
