time,right_s0,right_s1,right_e0,right_e1,right_w0,right_w1,right_w2
0.133824,0.869945168546,-0.371626420318,0.0462745902919,0.0859466868782,0.992054148406,0.0382064172979,0.0835583827189
0.133952,0.869945168546,-0.371626420318,0.0462745902919,0.0859466868782,0.992054148406,0.0382064172979,0.0835583827189
0.134039,0.869945168546,-0.371626420318,0.0462745902919,0.0859466868782,0.992054148406,0.0382064172979,0.0835583827189
0.150211,0.870361509192,-0.371958552033,0.0464472345598,0.086086846672,0.992021195748,0.0376677203763,0.0840484673122
0.200165,0.870612891495,-0.371116224718,0.0467361637379,0.0856747317609,0.992028093394,0.0379932718817,0.0842414004277
0.250177,0.870908690336,-0.371938696337,0.0470624759982,0.086196793654,0.991950076817,0.0379325841707,0.0846538653876
0.300291,0.870872853608,-0.371133422148,0.0467778185038,0.0860444374622,0.991984769759,0.0382079648968,0.0842776528289
0.350208,0.870653928014,-0.371336746795,0.046988995313,0.0858649467607,0.992031580041,0.0379128078081,0.0840426922622
0.400229,0.87118419274,-0.370333202436,0.0469432046759,0.0858957052543,0.991962562623,0.0386840608026,0.0844733426136
0.450192,0.871600440091,-0.370875082972,0.0474192839591,0.0858664485302,0.991916838404,0.0385847601476,0.0850832239144
0.500229,0.872482312245,-0.369611683082,0.047531117581,0.0856278312857,0.991850640148,0.0391537986436,0.0858321746136
0.550541,0.87427474277,-0.370546686856,0.0491217288943,0.0851819356951,0.991709703709,0.0383077821908,0.0882519984164
0.600252,0.877531950147,-0.37014825735,0.0505840440965,0.0850296047547,0.991363377142,0.038586193443,0.0920854301895
0.650247,0.880691512247,-0.370800740874,0.0525647438489,0.0847739935657,0.991046893752,0.038065821408,0.095866665946
0.700332,0.884433910614,-0.372715999231,0.0550400870834,0.0856367847574,0.990623145707,0.0370210794916,0.0998076347698
0.750240,0.891120841825,-0.375558148723,0.0579850995211,0.0855449867226,0.989879576893,0.0346652943666,0.107790518428
0.800383,0.901588886895,-0.377518574612,0.0628583230156,0.0853526350317,0.988469894278,0.0330866643252,0.120612886718
0.850306,0.912408525507,-0.380739182194,0.0683585211836,0.0854022480901,0.986819821283,0.0308823975229,0.133937947827
0.900334,0.921965926017,-0.382230507012,0.0730017818581,0.0853673511791,0.985223297839,0.0292724951232,0.145569879361
0.950328,0.929977406178,-0.383340614541,0.0764724860768,0.0850008639617,0.983798142007,0.0281169067133,0.155323882471
1.000366,0.937055999898,-0.382342087974,0.0792062856729,0.0834859967611,0.982595758919,0.0271607462872,0.163700814783
1.050273,0.944988939986,-0.381024080673,0.0832249519046,0.0829111399075,0.980978618309,0.0268458466441,0.173453145885
1.100199,0.95195298044,-0.377113526304,0.0860948989164,0.0814549734427,0.979572925717,0.0275518450805,0.181776968661
1.150437,0.959493053692,-0.371688699475,0.0900563747629,0.0815234844552,0.977763456741,0.0306994310394,0.19076186484
1.200195,0.966225156411,-0.36624633929,0.0931261689396,0.082634046958,0.97609575227,0.0319926837506,0.198456959742
1.250243,0.972888525408,-0.356382148193,0.0964056851665,0.0790316529877,0.974944315723,0.0337113131057,0.20518559022
1.300200,0.9788021961,-0.346051142608,0.0991988902609,0.0767880440707,0.973858502778,0.0357735953921,0.21076874229
1.350174,0.98388055315,-0.331688904841,0.10195272808,0.0777544199271,0.972700619357,0.0417492905122,0.21462700675
1.400223,0.987832356401,-0.316606907192,0.10458162227,0.0799830681567,0.971821673818,0.047250465535,0.216639646907
1.450311,0.991532744954,-0.302105028913,0.107775248804,0.0850656727139,0.970669037634,0.0529799695844,0.218537350415
1.500236,0.993155139066,-0.285132224258,0.10908885466,0.0902394027754,0.970110147575,0.0588304264597,0.217444550821
1.550211,0.993098156556,-0.269243932967,0.109856407902,0.0963957310884,0.969892152982,0.0639391027297,0.214310209167
1.600165,0.990634100457,-0.2510750994,0.109341582218,0.101974223464,0.97026388936,0.0697905061888,0.208131035645
1.650177,0.986955772887,-0.232632842368,0.107696385583,0.105565103685,0.971039141549,0.0749389442091,0.200806247672
1.700215,0.981391258986,-0.213111483708,0.105054473971,0.109192274594,0.972092420482,0.0795229400842,0.191805826844
1.750221,0.975919178088,-0.195590956502,0.102249017027,0.11505259707,0.972702039629,0.0834769877742,0.18342637357
1.800351,0.968738230378,-0.179406748785,0.0981963087875,0.123250410289,0.973274837097,0.0867529552596,0.173260937869
1.850556,0.960933650399,-0.164273260015,0.0942199482118,0.132973827574,0.97362953239,0.0892128347155,0.16249481518
1.900506,0.952465960792,-0.150132028664,0.0908674478247,0.144031309888,0.97373609731,0.0911850634788,0.150924745375
1.950248,0.941232895436,-0.136454140551,0.0865588585498,0.155752216317,0.974088567065,0.0911281324882,0.136339187667
2.000171,0.929217391461,-0.126814983809,0.0820488586724,0.170319178338,0.973881141366,0.089397460479,0.120644080008
2.050247,0.916400061376,-0.11871526928,0.0787457571637,0.184283561824,0.973537813249,0.0854233550571,0.104721274945
2.100239,0.903358048643,-0.111980048219,0.0755400947265,0.19690782394,0.973022273315,0.0804846386513,0.0893151019994
2.150221,0.892502388291,-0.106896675264,0.0742303144224,0.20965404535,0.971805719564,0.0753476293272,0.0772111355011
2.200266,0.883276547945,-0.104191602107,0.0728942982193,0.221710810019,0.970323439546,0.0687064110755,0.0677950474953
2.250222,0.875250265839,-0.0998899953643,0.0724319306682,0.233595508233,0.968344083192,0.0640150682629,0.0603733891313
2.300241,0.869695568667,-0.100751847827,0.0730254570188,0.245773835032,0.96593559269,0.0577094718379,0.0568618470442
2.350581,0.864431157303,-0.10145734484,0.0733403481261,0.25520677223,0.963897246101,0.0524047120963,0.0550031682534
2.400256,0.857891143797,-0.102411298405,0.0726527403946,0.26298448013,0.962209201623,0.046540197668,0.0531660185122
2.450230,0.849504605965,-0.10616961736,0.0709864626931,0.270465931676,0.960602003944,0.0398707458992,0.0500229291718
2.500165,0.840805119554,-0.107945758664,0.0705097202777,0.276883824147,0.959051574187,0.0360686952472,0.0474813142017
2.550608,0.8327785915,-0.110063606303,0.0687184533261,0.282167649193,0.957648579249,0.0334457749859,0.0466046837397
2.600254,0.826144345953,-0.112541398677,0.067798076036,0.287910830363,0.955884434064,0.0327900948541,0.0481363911603
2.650364,0.819287688318,-0.115467734259,0.0671205281597,0.295450188936,0.953458082445,0.0331715464029,0.0502644943005
2.700209,0.809598887299,-0.118060922755,0.0644652777204,0.300460139916,0.951911048376,0.0326438241727,0.0502338635317
2.750325,0.798108415028,-0.122652627598,0.062113713824,0.307086007922,0.949933946304,0.0317253609729,0.0481371256848
2.800547,0.782958093185,-0.126843271586,0.0586690266733,0.31246452093,0.948524128498,0.0295988341292,0.0423297748181
2.850278,0.767936170305,-0.13191639894,0.0565236820299,0.318603638616,0.946790155996,0.028208757348,0.0358383590388
2.900212,0.755152855947,-0.135662982037,0.0552493399875,0.322648783504,0.945638033716,0.0268452468628,0.0307539333142
2.950168,0.739766214663,-0.14270766165,0.0523731378238,0.328041912618,0.944154423363,0.0228081985782,0.0209932009835
3.000381,0.725168610615,-0.149753068551,0.0504564646269,0.333364294294,0.942544085054,0.0190989284785,0.010682974834
3.050682,0.710740955547,-0.155776490157,0.0483258902465,0.336908348971,0.941421221358,0.0147828961612,-0.00056067147528
3.100236,0.697394240611,-0.163943334218,0.0455912260968,0.342626215931,0.939334586686,0.0101485142182,-0.0124425910235
3.150267,0.685571186566,-0.172770721938,0.0437239261635,0.348771847061,0.936889273905,0.00507553922947,-0.0238940586714
3.200221,0.674614979959,-0.181957780472,0.0415087296382,0.354885518198,0.934247517748,0.000126118290728,-0.0351827891062
3.250219,0.66322053798,-0.192933846081,0.0395246280304,0.360063395858,0.931722744533,-0.00734299347706,-0.0468311726224
3.300246,0.654513088956,-0.205550668522,0.0388871462235,0.364495048321,0.929439333466,-0.0148987147647,-0.0553526282557
3.350214,0.645451632678,-0.220233248429,0.0379297907705,0.367719652528,0.927422913614,-0.0248965523339,-0.0636329956101
3.400829,0.638914063472,-0.236718372932,0.0385209928989,0.370891173094,0.925503366479,-0.0348378581217,-0.0683343251879
3.450334,0.634352768262,-0.256392297531,0.0384574090343,0.371886691601,0.924457460883,-0.0474968792776,-0.0694459364265
3.500242,0.631358543685,-0.278467441815,0.0394847166998,0.371490955812,0.923895868076,-0.0623621589734,-0.0672447457428
3.550518,0.629125211905,-0.302058806213,0.0401484560613,0.369984991089,0.923590039429,-0.0775280087999,-0.0638901658243
3.601075,0.629551554319,-0.325555082294,0.0408351198817,0.366889568214,0.924025430976,-0.0908700487615,-0.0575472143912
3.650788,0.632638686616,-0.34849919054,0.0423636026698,0.366025751133,0.923813343008,-0.100994250972,-0.0489307475868
3.700288,0.634803175375,-0.372812897362,0.0436583452199,0.361328980153,0.924736037042,-0.112162893645,-0.0415224660364
3.750307,0.639129322775,-0.394341010566,0.0449505536103,0.352941435139,0.927282444097,-0.120517929692,-0.0324813924395
3.800274,0.644187136959,-0.415970012348,0.0459500695679,0.346013204956,0.929548338374,-0.125274112523,-0.0228286082356
3.850265,0.650344670339,-0.435838489726,0.0470888521507,0.339164935986,0.931906858691,-0.127950529967,-0.0120588060863
3.900284,0.656071190262,-0.453368578948,0.0471009168593,0.33382631721,0.933813905021,-0.128627752278,-0.0025459912058
3.950269,0.663514567868,-0.471589050269,0.047605234395,0.32823342517,0.935806229627,-0.128217014224,0.00948242876035
4.000276,0.671662496819,-0.48824666077,0.0475811472376,0.320259000304,0.938408896597,-0.127788471333,0.0222041011288
4.050563,0.681661901968,-0.504333230132,0.0469687705385,0.310991569449,0.941143107648,-0.127311427193,0.0364100970131
4.100650,0.695081595983,-0.518297910394,0.0470538679241,0.300308490931,0.943963119633,-0.126009449772,0.0535729186831
4.150519,0.708365250192,-0.532259599643,0.0478663298465,0.291837887757,0.945556774692,-0.125743608623,0.0702963583212
4.200207,0.726731400007,-0.545382224998,0.0490043657668,0.284518310392,0.94598423151,-0.124932905797,0.0924928853256
4.250277,0.744255506795,-0.557394116748,0.0498251375852,0.278551424286,0.945508568747,-0.125454284461,0.112622701819
4.300202,0.762117727785,-0.567549412877,0.0516170104449,0.273789737333,0.944416520654,-0.126335759254,0.130980499236
4.350213,0.780263495232,-0.576969806983,0.0556637584512,0.267317570894,0.943582487723,-0.128349727747,0.147376227871
4.400303,0.796113979758,-0.583706438764,0.0583265192294,0.259870671672,0.943514809618,-0.130742715712,0.158598172513
4.450328,0.811458411353,-0.58928250551,0.062018320728,0.251955156246,0.943690013199,-0.134076827266,0.1673055965
4.500308,0.827177125678,-0.593263913921,0.0662493011675,0.245019794376,0.943630639853,-0.137194105941,0.175226405518
4.550260,0.842728175987,-0.593870106004,0.0709535003579,0.237749169387,0.943988317953,-0.139165608508,0.181643390833
4.600393,0.855831716916,-0.593237815975,0.0738359467513,0.233041612906,0.944468019507,-0.139470223195,0.184986009269
4.650692,0.869595092968,-0.588453459692,0.0769286029497,0.229739979564,0.944929590349,-0.1375745425,0.188151152879
4.700316,0.881722874635,-0.580118892613,0.0771900012113,0.230021769256,0.945506991361,-0.131099974427,0.18952390789
4.750221,0.894525766312,-0.568795216508,0.0752879923605,0.230434503307,0.946210977763,-0.121321547963,0.192004706312
4.800255,0.91041184169,-0.553314773614,0.073518886003,0.231283806927,0.946329273587,-0.107247424109,0.198662267751
4.850188,0.926087598187,-0.534744618356,0.0688393863801,0.232876937527,0.946313079172,-0.0893352907095,0.205618807479
4.900172,0.939716992977,-0.515096930752,0.0623381104707,0.234438729032,0.94620873274,-0.0710294885217,0.211381948561
4.950172,0.951690263492,-0.494774351493,0.0559816671092,0.236962457228,0.945776314374,-0.0521791606466,0.215947429314
5.000160,0.961911919094,-0.473211162718,0.0493757488816,0.238219231005,0.945579833136,-0.0336927872015,0.219078007193
5.050630,0.970171766179,-0.450734130282,0.0430157642101,0.239308808985,0.945455475379,-0.0157239188344,0.220449532536
5.100486,0.977188026318,-0.427372328785,0.0380992822433,0.240240885223,0.945166408748,0.00154874375909,0.221229243622
5.150293,0.982717619485,-0.404442120499,0.0338269633799,0.239631910071,0.945128894488,0.0168027320921,0.221417227589
5.200187,0.987640641501,-0.380938227357,0.0313944782705,0.241086420979,0.94431658432,0.0322837387033,0.221588100794
5.250242,0.989961598138,-0.36013490404,0.0289426168363,0.245633935466,0.943062292468,0.0467301815151,0.219348518134
5.300297,0.991300130003,-0.341756293981,0.0276751570796,0.2454038582,0.943102042126,0.0567340540543,0.217063888358
5.350240,0.992086639651,-0.326099524931,0.026929015989,0.242584623229,0.943902239586,0.0629257084522,0.21503864279
5.400196,0.992528876321,-0.31064116714,0.0274292511993,0.242083022914,0.944079347209,0.0700611149921,0.212606294255
5.450154,0.990415431547,-0.298627244465,0.0265809253672,0.241834600841,0.944921554664,0.0744746590736,0.207588069316
5.500173,0.987246665525,-0.286099465333,0.0258789875255,0.23678808294,0.947295496595,0.0766966397873,0.201693508457
5.550618,0.984131945688,-0.278653823691,0.0250626473409,0.233623001568,0.949103912516,0.0768867027863,0.196749819111
5.600280,0.98325423997,-0.271521189536,0.0245287267571,0.230669497595,0.950097899511,0.0777943645991,0.19507332227
5.650263,0.983248230876,-0.268361282849,0.0236778811292,0.231038854323,0.950050022915,0.0784778864323,0.194595023299
5.700317,0.983149330771,-0.267448887503,0.0229339105361,0.228847859789,0.950563124483,0.0777747864651,0.194960216542
5.750352,0.982392138175,-0.267184486471,0.022222314694,0.227108137537,0.951201545666,0.0769695042927,0.194198889789
5.800431,0.981358111524,-0.267488127798,0.0216085628187,0.227387881729,0.951373298716,0.0767721127167,0.193105257418
5.850280,0.980726860301,-0.269870066517,0.0212345341786,0.228533572648,0.951275205131,0.0760193687063,0.19253297343
5.900188,0.981882344067,-0.27223883834,0.0226961649307,0.229508396473,0.950701923264,0.0754782357525,0.194408808902
5.950213,0.983308278818,-0.27277451499,0.0234824221347,0.229894489745,0.950245040687,0.0758163967562,0.196047851858
6.000402,0.982056414396,-0.274538608447,0.0221983556133,0.230631372862,0.950414117005,0.0748424481997,0.194732596136
6.050210,0.981499677604,-0.276156021368,0.0224941424831,0.231320092926,0.95040292465,0.0745974475493,0.194063175912
6.100207,0.981323416658,-0.277547215376,0.0221640405942,0.231545559379,0.950406157259,0.0739313573464,0.194033359444
6.150207,0.98105563435,-0.278182557757,0.0205359625823,0.231886994229,0.950354418048,0.0739004914489,0.193890740797
6.200286,0.980687888204,-0.27777298789,0.020459590454,0.231998714502,0.950446432696,0.0741162586465,0.193222553676
6.250306,0.980965523994,-0.278566584115,0.0213867788223,0.232216450156,0.950329276084,0.0736081363826,0.193730817251
6.300201,0.981104060762,-0.278895849314,0.0214520076265,0.232253003513,0.950268754825,0.0738038813108,0.193909316606
6.350237,0.981201862636,-0.279683257291,0.0219354309196,0.233068158282,0.950017017389,0.0739536710169,0.194107585658
6.400552,0.981649672063,-0.27923921006,0.0222191201488,0.232475363307,0.950058695243,0.0737846408973,0.194677959243
6.450316,0.981354040357,-0.279342769675,0.0215595772527,0.232584521965,0.950121321877,0.0735775101819,0.194320003738
