time,right_s0,right_s1,right_e0,right_e1,right_w0,right_w1,right_w2
0.101366,0.71599406177,-0.164869490385,-0.121555199301,-0.198108776816,0.979371649102,-0.0308819998701,0.0251075201563
0.101532,0.71599406177,-0.164869490385,-0.121555199301,-0.198108776816,0.979371649102,-0.0308819998701,0.0251075201563
0.200332,0.716092407124,-0.165860900761,-0.121401273579,-0.197352159502,0.979518375828,-0.0310762427422,0.025102663045
0.300272,0.715049406423,-0.165643632366,-0.122186152151,-0.197450026405,0.979529504882,-0.0308522818033,0.024157252447
0.400858,0.71698425323,-0.165380779269,-0.12120107388,-0.197299283516,0.979508688261,-0.0309247299046,0.026064984652
0.500335,0.716083227773,-0.166127869818,-0.121618065371,-0.197177008641,0.979553325927,-0.0310917250993,0.0250960865123
0.600305,0.715301658138,-0.166299840136,-0.122169059005,-0.19699528219,0.97960887487,-0.0310977568162,0.0243359937526
0.700360,0.716139035806,-0.165759539854,-0.121533286366,-0.197218689491,0.979548621984,-0.0309653022617,0.0251084794721
0.800379,0.715110295259,-0.166373745538,-0.122031454451,-0.197617679951,0.979483670314,-0.0312492178966,0.024134592174
0.900390,0.7151821141,-0.166621335339,-0.122114577144,-0.19705955453,0.979591290494,-0.0312476994216,0.0243313961426
1.000322,0.714319886915,-0.165793579114,-0.122558661367,-0.19799081309,0.979423842279,-0.0310523624649,0.023755544472
1.100271,0.714510159772,-0.166001198031,-0.122254405337,-0.197602280926,0.979502518479,-0.0310463002892,0.023754622804
1.200305,0.714784362573,-0.165796730253,-0.122233109222,-0.197020713952,0.979612617775,-0.0309484345565,0.024169231864
1.300371,0.71430928006,-0.166341766409,-0.122333276484,-0.19729817055,0.97956355591,-0.0311945794287,0.0235705333917
1.400339,0.71447358464,-0.1664156441,-0.122320085165,-0.196899590157,0.979641464841,-0.031111088752,0.0237750271785
1.500344,0.715299460245,-0.166927651502,-0.121862230873,-0.196823306178,0.979629113986,-0.0315372860638,0.0243471715939
1.600328,0.713937331095,-0.166165403871,-0.122562100381,-0.197864316674,0.979458361496,-0.0312027524902,0.0231822889088
1.700325,0.714301322855,-0.166497181753,-0.122524194522,-0.196983298909,0.979624109069,-0.0312666386879,0.023591994147
1.800157,0.714981040139,-0.166961876738,-0.122193509327,-0.196943279252,0.979614489787,-0.0314005129984,0.0241413326127
1.900364,0.714471534577,-0.167040698899,-0.122747306469,-0.19688306438,0.979640455799,-0.0312660608227,0.0237501528808
2.000312,0.715035105341,-0.166800226026,-0.121786538236,-0.196508310107,0.979711020372,-0.0311102421378,0.0241444290764
2.100290,0.714878607885,-0.16757222609,-0.122038602811,-0.196514487403,0.979695608282,-0.0316946521678,0.0239587223567
2.200365,0.714500258433,-0.166362505704,-0.122122958262,-0.197186735906,0.979588886515,-0.0309632190108,0.0237546557156
2.300394,0.714973131244,-0.166603113898,-0.121982770298,-0.197160354456,0.979574847204,-0.0312698255149,0.024147699013
2.400321,0.714509064673,-0.166665543669,-0.12232094965,-0.19689966346,0.979641405325,-0.0311222032054,0.0237623224714
2.500217,0.715174033341,-0.166262540203,-0.121903757538,-0.197276698145,0.979551586172,-0.0311170285534,0.0243377264876
2.600348,0.713474495181,-0.167943128148,-0.121618874722,-0.196024196862,0.979852887185,-0.0313971904438,0.0218414777687
2.700391,0.712433545542,-0.166832912511,-0.122053933291,-0.197429633689,0.979586371971,-0.0314264921041,0.0210821057727
2.800350,0.714247001745,-0.166145092035,-0.122529460517,-0.198137975461,0.979388862423,-0.0313585441246,0.0235677863215
2.900301,0.711152455487,-0.166269392689,-0.121819354536,-0.197686241343,0.979582195924,-0.031039410319,0.0193759237289
3.000323,0.718009897703,-0.165560199671,-0.120955939687,-0.197352393343,0.979430752751,-0.0313610320653,0.0279985548957
3.100712,0.747669161,-0.159834091745,-0.114431967177,-0.19649621125,0.977904239613,-0.0314762905972,0.0640451422181
3.200422,0.791737158856,-0.150564917167,-0.100777073423,-0.194541189945,0.973057091353,-0.0315113915347,0.119668937433
3.300338,0.854565748322,-0.135414515331,-0.0729629013919,-0.193952416156,0.960175970898,-0.030584474755,0.198769099915
3.400447,0.910098012339,-0.120523460537,-0.0387754394662,-0.194609169163,0.944188944892,-0.0302733610858,0.264041722517
3.500420,0.956938599559,-0.103503360925,-0.00196815387366,-0.19555074001,0.928795026835,-0.0286787026649,0.313492006631
3.600337,1.00246796842,-0.0879827971857,0.0423292894082,-0.195562677922,0.911879955929,-0.0279503500505,0.359790165112
3.700378,1.04555557461,-0.0701657552805,0.0935054149501,-0.195387395667,0.891692964839,-0.0259013403989,0.407475818469
3.800640,1.08150716633,-0.0539849169426,0.141153640747,-0.193381699515,0.870113057688,-0.0231533119782,0.452736909559
3.900494,1.11210037341,-0.0403188330892,0.187288502473,-0.189389249194,0.847256382907,-0.0200341688826,0.495869908332
4.000347,1.1371640846,-0.0320526249546,0.228221066699,-0.182207116248,0.826730584238,-0.0168157953285,0.532009715045
4.100374,1.14852774717,-0.0243668311595,0.24211658878,-0.176037120593,0.822494330795,-0.0110429912831,0.540732891849
4.200304,1.14912624485,-0.0240337298419,0.228616434904,-0.16976461736,0.833583523759,-0.00668046757906,0.525617593849
4.300458,1.1410747262,-0.0333331314701,0.194689090193,-0.172767636369,0.851251545156,-0.0129132253589,0.495333624241
4.400291,1.11729144921,-0.0434476230078,0.137136578027,-0.17720977887,0.877295574031,-0.0181037570739,0.445669635535
4.501021,1.0765277898,-0.0584743808323,0.0633967406835,-0.181698790439,0.908117465326,-0.0236875811606,0.376493183499
4.600936,1.03661442694,-0.0757032786052,-0.00183833406947,-0.184832645218,0.928409292152,-0.0304067357982,0.320887067246
4.700659,1.01521662341,-0.0892921507625,-0.0449657626142,-0.188319467547,0.933674011765,-0.0372778113704,0.302322646649
4.800563,1.01719341578,-0.0953111173809,-0.0623381015137,-0.192520936519,0.925786397458,-0.0421655947621,0.322610132981
4.900655,1.0215202041,-0.0954835994424,-0.0661229275488,-0.193515269458,0.916621748525,-0.0423060270773,0.347227030471
5.000346,1.01897059751,-0.0962240890081,-0.0686509129458,-0.195441280737,0.912042875956,-0.0422579337217,0.358042965632
5.100401,1.01767149405,-0.0970088510408,-0.068091992246,-0.20353141229,0.907710989547,-0.0454887441609,0.364096824788
5.200396,1.03577135154,-0.0894963436642,-0.0459170810027,-0.206727396675,0.894396881065,-0.0452978372728,0.394038206959
5.300308,1.0652654702,-0.0726443761921,-0.00306220502942,-0.207001887588,0.87256954122,-0.0414420374954,0.440516937016
5.400376,1.09608484058,-0.0531495404444,0.052691981476,-0.207914882921,0.845277754171,-0.0381226422265,0.49073779548
5.500350,1.12235749768,-0.0300584804103,0.11462332996,-0.207679941446,0.814312489065,-0.032346546098,0.541034114478
5.600397,1.14330337389,-0.00814417975912,0.17766145414,-0.206211640365,0.783875282822,-0.026132513654,0.585092635477
5.700430,1.15856115358,0.00923247902758,0.231640261855,-0.203886829452,0.7597798562,-0.0210633589722,0.617025984702
5.800317,1.16938791005,0.0254780367106,0.274870630882,-0.200115637764,0.741562535015,-0.0148756728748,0.640169862256
5.900527,1.17637053007,0.044429035696,0.314029712948,-0.193791007703,0.72256689481,-0.00403664517161,0.66357051875
6.000339,1.1786288831,0.0553268064427,0.334177463478,-0.18599177374,0.714323142853,0.00518666879638,0.674627753766
6.100733,1.1786800612,0.0586689987607,0.329765331513,-0.176303475929,0.725981032127,0.0136098472128,0.66459265526
6.200378,1.16552050416,0.0543182011129,0.261446410019,-0.173299602303,0.780412228163,0.0191797114177,0.600463271687
6.300304,1.13091354117,0.0432933909162,0.162302104037,-0.158785046746,0.845766535668,0.0328537007066,0.508317725861
6.400347,1.08935862887,0.0306533658358,0.0762878460975,-0.139887899187,0.889001814171,0.0455464562158,0.433627340452
6.500379,1.05561334178,0.0126101218863,0.00763517806875,-0.149401721069,0.90708942098,0.0327890606798,0.392164232927
6.600325,1.03239740854,-0.0123435818782,-0.0421589841436,-0.159312455396,0.913063670738,0.0122024211131,0.375213773272
6.700264,1.02080577251,-0.0383235734348,-0.0715941395296,-0.165083795904,0.910330641758,-0.00809796004721,0.379446815837
6.800525,1.01646236161,-0.0581589625414,-0.0829404305477,-0.172623279885,0.903252614999,-0.0249328744008,0.392064112759
6.900339,1.0181830019,-0.068072217613,-0.0802823518402,-0.178487219297,0.894456850345,-0.0351964314772,0.408473336498
7.000362,1.03395618905,-0.0673680670186,-0.0593801607755,-0.181702281923,0.879443079717,-0.0400728851403,0.43813047618
7.100403,1.0592383609,-0.0613668312509,-0.0223208499661,-0.17869415309,0.857411424081,-0.0410508836306,0.48086263575
7.200442,1.08754411199,-0.0493754437527,0.0268086272086,-0.174559017247,0.828512838749,-0.039329703931,0.530611722368
7.300492,1.11480879227,-0.0339920072766,0.0817483811196,-0.17106126941,0.799206542384,-0.0354025687439,0.575111817689
7.400695,1.13959621489,-0.0204630598099,0.134167245153,-0.167433686108,0.779235039066,-0.0300058620414,0.603206733129
7.500567,1.15554948968,-0.00675986416081,0.172530463167,-0.166392677012,0.769136322055,-0.0233397579586,0.616602019808
7.600402,1.17113152319,0.00543605852846,0.214632794973,-0.159478481264,0.761683791539,-0.0133095417731,0.627875204016
7.700343,1.18223728721,0.0152972827893,0.249053113502,-0.157373261935,0.757622924254,-0.00592218523215,0.633408311278
7.800336,1.186337035,0.0260607845725,0.262858370247,-0.155264853475,0.763421550777,0.00410039474661,0.626947803128
7.900528,1.18344965121,0.0308444513002,0.248686456449,-0.14790354412,0.784602797335,0.0176731806287,0.601839389487
8.000392,1.16200695071,0.0315668313277,0.189295870919,-0.141255766717,0.829342835647,0.0341378137127,0.53951077747
8.100405,1.12241434057,0.0253167091097,0.105126553091,-0.140823860564,0.875303365449,0.0427475184091,0.460635765436
8.200300,1.08049399445,0.0107098629726,0.0223965774776,-0.140588754108,0.904522886389,0.0394632225938,0.400644236549
8.300315,1.04863227832,-0.0122219663552,-0.045020041061,-0.146793960847,0.916853199541,0.0219209671144,0.370609248063
8.400493,1.03366501957,-0.0345675253858,-0.0856466582275,-0.154729527511,0.914829847203,0.000925660275046,0.373020464767
8.500556,1.03702353405,-0.0558970533812,-0.0959712505983,-0.157714688524,0.899892237089,-0.0190899393604,0.406147279772
8.600377,1.04415112399,-0.0660957516734,-0.0880673839884,-0.156903733538,0.887128603476,-0.0283054276068,0.433108372194
8.700415,1.04120726532,-0.0728160011953,-0.0886521690678,-0.155793661912,0.886946153065,-0.031672124301,0.43364932032
8.800312,1.0370635041,-0.0764600457206,-0.0925559596075,-0.153048139405,0.891148972624,-0.0313922961348,0.425962791049
8.900206,1.03969077958,-0.0801324289206,-0.0909034872832,-0.152657489149,0.889163340593,-0.0340246301456,0.430030893421
9.000521,1.03924275956,-0.0816197900817,-0.0911311989368,-0.154126890646,0.889808259491,-0.0352944042912,0.428065962146
9.100404,1.03892069218,-0.0818658535807,-0.0913031978566,-0.154006525427,0.890315827078,-0.035275327631,0.427054293317
9.200444,1.03801598806,-0.0809631146241,-0.0926893568783,-0.154830059067,0.890495970961,-0.0351942847473,0.426387078641
9.300370,1.03767928222,-0.0808773467153,-0.0932748879509,-0.15493495943,0.890600899651,-0.0353122548714,0.426119983741
9.400375,1.03723609844,-0.0777849973856,-0.0931167949705,-0.155848501105,0.890225222363,-0.0343574391441,0.426649580507
9.500479,1.03708896878,-0.07728019543,-0.0933177745223,-0.15643217669,0.890187007317,-0.0344406650877,0.426508976095
9.600600,1.03624162688,-0.0766806782492,-0.0944122753706,-0.156597129605,0.89043511835,-0.0341360861242,0.425954653258
9.700380,1.03663812676,-0.0779904512373,-0.0943116946818,-0.156126379621,0.890311372253,-0.0346636517004,0.426343342008
9.800324,1.03654124593,-0.0779132872648,-0.0944512143416,-0.156519460906,0.890411636675,-0.0347340265751,0.425983946914
9.900340,1.03652693829,-0.0781268638847,-0.094339001854,-0.156260360672,0.890390091654,-0.0346949911314,0.426127260283
10.000322,1.0362006183,-0.0776538028151,-0.0947922102244,-0.156247017088,0.890511170099,-0.0343477465201,0.425907217465
10.100320,1.0357174752,-0.0763196465643,-0.0949278639738,-0.156383595905,0.890671356661,-0.0337252156197,0.425571750927
10.200360,1.03579771654,-0.0766599797242,-0.0950715544328,-0.156420219504,0.890665491693,-0.0338850450186,0.425557869816
10.300750,1.03669575562,-0.0767629904294,-0.0939717101705,-0.156348681465,0.890186885706,-0.0339979616325,0.426575359023
10.400335,1.03582674492,-0.0764125529224,-0.0951273286223,-0.156567249413,0.8904898795,-0.0338268118606,0.425875824295
10.500413,1.03600949955,-0.0760504148503,-0.0946005843744,-0.15614021871,0.890505299501,-0.0334281886961,0.426031806163
10.600330,1.03572110304,-0.0748942371035,-0.0948742806589,-0.156943577583,0.890334644721,-0.0331233231688,0.426117095792
10.700473,1.03546269123,-0.0752103081476,-0.0954829425792,-0.156074216686,0.890499049334,-0.0328611696041,0.426113160503
10.800338,1.03572250096,-0.0751491846862,-0.0950994182316,-0.156732416054,0.89032420746,-0.0330517114736,0.426222171805
10.900367,1.03670833937,-0.0748878090309,-0.0935856267567,-0.155743375677,0.890029138579,-0.0324872264226,0.427243155044
11.000350,1.03612707426,-0.0743682576668,-0.0943680203943,-0.156630187146,0.890032490332,-0.0327072603435,0.426895052384
11.100368,1.0358142241,-0.0729207194401,-0.0942767844883,-0.156332311325,0.890265709734,-0.0315530148128,0.426604713715
11.200355,1.03585124766,-0.074307947781,-0.0947564583805,-0.156434654113,0.890289833744,-0.0323264894305,0.426458918309
11.300412,1.03544664766,-0.0738225350409,-0.0952625926771,-0.155459448869,0.890444189114,-0.0314800167719,0.426556578163
11.400321,1.03618656652,-0.0751248406301,-0.094725153319,-0.15555778571,0.890296537145,-0.032268970219,0.42676992023
11.500394,1.03664957109,-0.0734363345826,-0.0939437208196,-0.156089122868,0.889698456429,-0.0316437056096,0.427868575902
11.600480,1.03730231167,-0.0741006418857,-0.0929385346872,-0.155400264152,0.889708245644,-0.0317014560634,0.428094631149
11.700553,1.03719809622,-0.0726235920492,-0.0927795977005,-0.156056744875,0.889530052788,-0.0313121527644,0.428254745048
11.800476,1.03739783845,-0.0727717732162,-0.0929390426047,-0.155700364819,0.889463275518,-0.0311430422795,0.428535399724
11.900459,1.03759840285,-0.0736671659656,-0.092578209666,-0.155540617589,0.889540218193,-0.0315523345631,0.428403742609
12.000467,1.03765845686,-0.0729467403516,-0.0926818610499,-0.155555270366,0.889389158371,-0.031215679017,0.428736590714
12.100362,1.03784903174,-0.0724806394198,-0.0923183966783,-0.155194046784,0.889478101602,-0.0307521516633,0.428716479485
12.200438,1.03837873392,-0.0728448782872,-0.0919212237397,-0.155777436082,0.889090879001,-0.031321288046,0.429266556116
12.300348,1.0387161054,-0.072746529006,-0.0910818819047,-0.155854496631,0.888913910195,-0.0313337285033,0.429604042812
12.400348,1.03845736937,-0.0725851137165,-0.0913395800163,-0.155820745141,0.889019567651,-0.0311995896432,0.429407369899
