time,right_s0,right_s1,right_e0,right_e1,right_w0,right_w1,right_w2
0.070489,1.06916655668,-0.0845221175122,0.0999624224755,0.348727734128,0.867999863151,0.247006613354,0.252889181221
0.100214,1.06904657134,-0.0844650664308,0.0996425495513,0.348675062666,0.868051028483,0.246838622437,0.252950206754
0.200270,1.06914822284,-0.0854649303365,0.099654221194,0.349173932039,0.867931904742,0.246596808623,0.252906678226
0.300296,1.06904179854,-0.08513493524,0.0992414371031,0.349093837781,0.867972698082,0.246596351487,0.252877692256
0.400270,1.06931449814,-0.0859593761559,0.0993786796201,0.348731232936,0.868105417726,0.246098257708,0.253407100223
0.500294,1.0689361757,-0.0849493467105,0.0995308509063,0.34821200904,0.868402778591,0.246287202434,0.252918217638
0.600275,1.06882663138,-0.0842210836951,0.0993498634158,0.348364013919,0.868302145814,0.246720048691,0.252632371155
0.700288,1.06888389088,-0.0847053030183,0.0989605673245,0.348541726782,0.868296168191,0.246302677722,0.252814991534
0.800272,1.06897908762,-0.0861336945058,0.0990250615742,0.349455422024,0.867978292196,0.246226571561,0.252719345819
0.900323,1.06882342693,-0.0864356636495,0.0989432885912,0.348977897117,0.868312298884,0.245578424057,0.252862445944
1.000307,1.06801956632,-0.0860168507212,0.0979678434733,0.34895625685,0.868756436296,0.245355445795,0.25157998811
1.100303,1.06811381295,-0.0851875363137,0.0984430028946,0.348690775923,0.868711044924,0.2457175506,0.251751362539
1.200296,1.06798088885,-0.0853559968157,0.0984747053603,0.348983001564,0.868661615349,0.245678884605,0.251554662643
1.300271,1.06818863015,-0.0861619497555,0.0983924736407,0.348462801528,0.86892153464,0.245083777201,0.251958299612
1.400330,1.06827070367,-0.0854922333161,0.098490975636,0.348739652894,0.868647306018,0.245605859278,0.252012448374
1.500279,1.06844157939,-0.085189170727,0.0988988342127,0.34863262481,0.868595397878,0.245876623373,0.252075412884
1.600251,1.06822347133,-0.0855814789998,0.0990778610513,0.34857760999,0.868766472824,0.245548574667,0.251881644804
1.700277,1.06837908803,-0.0852785063592,0.0991597926208,0.349220825262,0.868366069259,0.246245326433,0.251691128514
1.800302,1.06827217174,-0.0858580173871,0.0982703033434,0.34874758069,0.86870837721,0.245458204669,0.251934813172
1.900309,1.0682983242,-0.0855972430416,0.0985284643458,0.348863259331,0.868577614903,0.245719752986,0.251970546235
2.000301,1.06854284781,-0.0872549446993,0.0986569551631,0.349168630976,0.868530949859,0.245017054186,0.252392352178
2.100270,1.06853858639,-0.0860775275698,0.0987038436458,0.349023315516,0.868466819032,0.245603986989,0.25224351536
2.200285,1.06839742753,-0.0862309956159,0.0987612544492,0.349188200803,0.868463883747,0.245577308711,0.252051321149
2.300281,1.06841993697,-0.0863869976954,0.0981638931239,0.348811959415,0.868645763798,0.245239778494,0.252274067333
2.400311,1.06831813023,-0.0867713187422,0.0984401235161,0.348836838295,0.868736442454,0.245201377023,0.251964558036
2.500285,1.06887753622,-0.0867126585399,0.0988629245117,0.349515066617,0.868142540807,0.245675679689,0.252608803207
2.600286,1.06829505075,-0.0854376907382,0.0985791055118,0.349071755264,0.868457921934,0.245985857519,0.251834678722
2.700298,1.0685353675,-0.0857272314173,0.0986771964078,0.348938164502,0.868436100324,0.245739974199,0.252334623246
2.800387,1.0681944693,-0.0859990182529,0.0976744702269,0.348965326525,0.868673592336,0.245472373926,0.251739358265
2.900383,1.06879049325,-0.0880406297996,0.0980993037871,0.349308225143,0.868536190303,0.244232117751,0.252941342291
3.000310,1.0703793221,-0.0948974754102,0.0986600217841,0.350081820432,0.86841389885,0.240573298349,0.255782148336
3.100274,1.07222600976,-0.108064594242,0.0976833568662,0.352505041251,0.8680838243,0.233630118593,0.259976225005
3.200407,1.07315749752,-0.122579116102,0.0953050703307,0.354736769614,0.868486567667,0.224855886524,0.263311101859
3.300314,1.07589320587,-0.141196145214,0.0953426145847,0.35781317936,0.867703035594,0.2152333503,0.269695709302
3.400326,1.07710670871,-0.159789156821,0.0938997390222,0.361804377272,0.867048282826,0.205909460851,0.273726436002
3.500325,1.07776595089,-0.17959755875,0.0932267519204,0.367549632995,0.865623608815,0.198399255499,0.276117313047
3.600295,1.07851949452,-0.201262031902,0.091888393036,0.374121869912,0.863445759621,0.190528857975,0.279630114482
3.700268,1.0788317741,-0.224535268655,0.0904624025627,0.382349003919,0.860538509195,0.183928235681,0.281874293816
3.800310,1.07733271599,-0.248151759128,0.0899435893392,0.391483402983,0.857730847356,0.178286906722,0.281517881446
3.900298,1.07616369336,-0.272447777984,0.0896024619443,0.401370481675,0.853800912399,0.173804014485,0.282343590285
4.000289,1.07220177511,-0.296468214289,0.0880803064088,0.411212607918,0.851060650525,0.168608795482,0.279590833726
4.100286,1.06904371175,-0.323756452119,0.0890880906579,0.42264085852,0.846395035968,0.164388891458,0.279224712667
4.200288,1.06506551524,-0.35043008085,0.0898276444403,0.433787757798,0.841800263736,0.159862471768,0.278647604114
4.300320,1.06200992069,-0.376045865008,0.0902071247229,0.445043533612,0.836123284862,0.156595379488,0.279842800203
4.400250,1.05910276674,-0.400471743184,0.0895621461585,0.455113582489,0.830565538229,0.152978126572,0.282188246621
4.500281,1.05522595555,-0.425014011188,0.0895779950151,0.465205895546,0.825059303385,0.148990927676,0.28401113379
4.600292,1.05090970071,-0.445470179031,0.0889153854753,0.473943953557,0.820376245258,0.146146627826,0.284606936455
4.700298,1.04720455983,-0.463615215157,0.0880158074051,0.481759492351,0.815906701767,0.143160758281,0.285847936551
4.800277,1.0437890488,-0.477116862417,0.087032725297,0.487661313201,0.812642220088,0.141267768463,0.286081253023
4.900246,1.0419404594,-0.487501454459,0.0877720406949,0.491952370861,0.809789903199,0.139843508362,0.287518644004
5.000244,1.03932143272,-0.494622285774,0.08610807955,0.495530622363,0.808082761581,0.138606386971,0.286775037663
5.100273,1.03944658734,-0.498475969293,0.0870003041075,0.497448341687,0.806302878994,0.138897678527,0.288319700298
5.200382,1.04278086389,-0.497226505909,0.0899940508325,0.499364723337,0.803371968217,0.142594161591,0.29136790978
5.300460,1.04784968775,-0.49575881659,0.0945215932367,0.500885817695,0.799435565776,0.147927196046,0.296873236374
5.400572,1.05453412196,-0.492835153195,0.0993843552065,0.503342323616,0.793865636672,0.155836425749,0.303543842925
5.500328,1.06488801037,-0.48624450317,0.107116733903,0.50588290355,0.786077055361,0.167585098707,0.313178201063
5.600441,1.07469084555,-0.478774710023,0.116851595151,0.505536971031,0.780302987223,0.177464122948,0.322592783735
5.700280,1.08319211036,-0.468977166556,0.125871127964,0.503887835463,0.776352493291,0.184888503869,0.330439247927
5.800310,1.0930907815,-0.458636250902,0.13932625287,0.497651460348,0.774076315946,0.190586732647,0.341797569395
5.900270,1.1028929603,-0.449089495083,0.15385351525,0.491569377867,0.771090649178,0.195655843969,0.354256331227
6.000249,1.11137487284,-0.439687305646,0.168977953875,0.488758807572,0.766712390145,0.20251433548,0.363668644159
6.100284,1.12031808058,-0.4291565644,0.185431085908,0.485354609219,0.763608130979,0.210537182515,0.37014540439
6.200349,1.12733284762,-0.417750397932,0.200097568314,0.486528857752,0.760408824894,0.220047679907,0.369658096306
6.300354,1.13279231558,-0.403810057873,0.215408277576,0.487266781496,0.759788616992,0.230002924498,0.363855734959
6.400249,1.13793184724,-0.393407126437,0.234670110471,0.485347138111,0.759899822027,0.238218607441,0.360890996119
6.500241,1.14220669966,-0.38137144374,0.252547706978,0.484477734426,0.759162571661,0.246866081792,0.357785763125
6.600276,1.14788189468,-0.368032237163,0.271110968152,0.48177835032,0.757127004554,0.257320299961,0.358377710478
6.700323,1.15380300101,-0.356014603083,0.286517810627,0.479695693636,0.753617219533,0.266385431274,0.361928072876
6.800288,1.15945001985,-0.34353427716,0.299146116957,0.477855519795,0.749725443016,0.275137548552,0.365875923876
6.900265,1.1645653108,-0.331061226443,0.309098205101,0.475083436263,0.746616925261,0.282216485171,0.370422395383
7.000305,1.16848661239,-0.319936509439,0.31417161922,0.472844357478,0.744292526949,0.287996710067,0.373503337227
7.100324,1.17105003477,-0.310571340057,0.317518023379,0.470863224136,0.743011136351,0.291804821408,0.375595822151
7.200285,1.17142830789,-0.302205998264,0.319164517235,0.469571833525,0.743476832957,0.294517697149,0.374170840769
7.300315,1.17205340015,-0.297753106012,0.319578028189,0.46891972571,0.743572196337,0.296089615876,0.373558053112
7.400293,1.17236455554,-0.293215280561,0.321003325114,0.46673574574,0.744712987003,0.29689288071,0.373383084809
7.500319,1.17064143773,-0.286243866525,0.318503928622,0.465112746473,0.748009619661,0.296877630268,0.368802677064
7.600333,1.16778192047,-0.279857506493,0.31330117083,0.464423115307,0.752074023933,0.295951218559,0.362089365663
7.700232,1.16733228856,-0.274753964112,0.309502821407,0.46279846506,0.754342922672,0.295413709035,0.359882031043
7.800333,1.16655439934,-0.26756297982,0.300716232259,0.461634101764,0.757385580057,0.294811309226,0.355453697636
7.900287,1.16405895989,-0.259335115278,0.286020436579,0.460525721662,0.762835011755,0.292078608211,0.347403067279
8.000350,1.1605708453,-0.250491708118,0.267514355978,0.460583512557,0.76864442651,0.289190257384,0.336775249373
8.100293,1.15790777117,-0.2400082374,0.246814236283,0.460556072301,0.773605544202,0.286940013344,0.327243021299
8.200327,1.15371096122,-0.23014588269,0.224516965259,0.45869459457,0.780550307599,0.282276475374,0.317270354224
8.300275,1.14779496897,-0.215793342734,0.203009122992,0.456584970717,0.788171388102,0.278746851937,0.304329131087
8.400201,1.13976996889,-0.201155830315,0.18123598025,0.454431184303,0.796602664902,0.274083807795,0.289472899091
8.500284,1.12899964992,-0.184906944294,0.160973460508,0.450648510885,0.806859126234,0.268198212657,0.271963212177
8.600253,1.1167191046,-0.171968373894,0.142762252026,0.445503874277,0.818273809523,0.258356505219,0.255355021225
8.700262,1.10470296882,-0.161009236501,0.126970196838,0.437006909066,0.830663652448,0.244731063873,0.243165713673
8.800248,1.09255104339,-0.152983496931,0.111454754426,0.429459521913,0.841624250122,0.230440543165,0.232659185743
8.900313,1.08304374029,-0.141722901208,0.100258896989,0.425547071169,0.847628867855,0.225042762682,0.223138404499
9.000304,1.07513047203,-0.130832184773,0.0895048220698,0.422496722298,0.851894241368,0.222109301114,0.215499836497
9.100291,1.0697082201,-0.122179344048,0.0800665334222,0.419968158404,0.854585377446,0.220216550096,0.211696125725
9.200293,1.0622697978,-0.113853464818,0.0702238909956,0.418085503195,0.857802621637,0.217322361573,0.205305054716
9.300272,1.05640068589,-0.106048761671,0.0639519092399,0.415923780134,0.860555846938,0.215807108127,0.199695607117
9.400282,1.05301385367,-0.10218869926,0.0602869519967,0.414008730947,0.862581969551,0.213821019566,0.197052500865
9.500288,1.05128350725,-0.097154725103,0.0600531692285,0.41248088701,0.863592305272,0.214691327901,0.194872989024
9.600293,1.05015531277,-0.0969310353817,0.0579981712331,0.412272231432,0.86421225664,0.213213575128,0.194187419893
9.700273,1.04932588022,-0.0958249056813,0.056823449479,0.41169206933,0.864633869798,0.213240843136,0.193510346149
9.800361,1.04686204268,-0.0947881524568,0.0540016017815,0.41169908596,0.865507463334,0.211917170229,0.191028287157
9.900426,1.04401243197,-0.0956580962119,0.0507094215524,0.412834175961,0.865882585618,0.210387763568,0.188553122548
10.000276,1.04083179896,-0.0966469104304,0.0472161136302,0.41457226193,0.865721196859,0.209008006199,0.187008829449
10.100345,1.04217419493,-0.0981080969684,0.0466390461507,0.416150374837,0.863457098358,0.21052618639,0.192196331034
10.200403,1.03783246071,-0.0988520850551,0.0441492492144,0.417151362795,0.863640949885,0.208788184385,0.19109302515
10.300344,1.03635295251,-0.100915769192,0.0431826219067,0.417651497427,0.864251314289,0.206402828051,0.18982825137
10.400290,1.03709771435,-0.101146509524,0.0432020718632,0.417715067761,0.863909225286,0.206656616179,0.190966006451
10.500282,1.03669877326,-0.101242274527,0.0426438555587,0.417998676998,0.863988870442,0.206382800232,0.190279997761
10.600295,1.03602442428,-0.10099371897,0.0420178344891,0.417285619129,0.864602124181,0.205612331449,0.18989325445
10.700326,1.03622139594,-0.100725908203,0.0421280819384,0.417398712373,0.864477143284,0.205519684318,0.190313538685
10.800264,1.03701495622,-0.101214175898,0.0434699776977,0.417544943777,0.864118138724,0.205937049442,0.191170065441
10.900265,1.03673582229,-0.100467706668,0.0425730519863,0.417146723907,0.864364226404,0.205954602905,0.190907821705
11.000294,1.03631780899,-0.100230373286,0.0413664808633,0.41698623269,0.864631314341,0.205552072505,0.190482328569
11.100434,1.03636030132,-0.100771137774,0.0407501628873,0.417296087775,0.864538017388,0.205394255298,0.190397456678
