time,right_s0,right_s1,right_e0,right_e1,right_w0,right_w1,right_w2
0.122326,0.86497740232,-0.444464820786,-0.0402549753925,-0.597443783438,0.801229393508,-0.0238111724416,0.0229218820369
0.122464,0.86497740232,-0.444464820786,-0.0402549753925,-0.597443783438,0.801229393508,-0.0238111724416,0.0229218820369
0.200238,0.864995724012,-0.444826100057,-0.04012732447,-0.598022796113,0.800795994649,-0.0244593388035,0.0222766924899
0.300280,0.86484729071,-0.444137322674,-0.0403121078174,-0.598040310805,0.800795195059,-0.0237242369222,0.0226274789862
0.400240,0.864761246101,-0.44386138596,-0.0413085392565,-0.598459685475,0.800485761156,-0.0240090534292,0.0221836967227
0.500290,0.865196648886,-0.444846217403,-0.0400704395672,-0.597733598825,0.801000979633,-0.0245447565506,0.0225727798151
0.600333,0.864398614997,-0.443574169854,-0.0412537357243,-0.598229620353,0.800680770751,-0.0232666911076,0.0221423975023
0.700248,0.864213463032,-0.444316254904,-0.0412275415895,-0.597559992633,0.801177030396,-0.023097103151,0.0224487192689
0.800247,0.865285505226,-0.443866614973,-0.0405242688692,-0.598307347919,0.800577988527,-0.0242314589457,0.0227164722139
0.900244,0.864447840931,-0.444349643187,-0.0406081432719,-0.597827933299,0.800971600961,-0.0236374875538,0.022079986506
1.000268,0.864013064948,-0.44455175286,-0.0410719960394,-0.597556288675,0.801190862515,-0.0233458324867,0.0217865966046
1.100236,0.864878858169,-0.443639210275,-0.0401733238765,-0.597955152086,0.800863146118,-0.0234765470884,0.0227312344605
1.200283,0.864539201637,-0.444401256818,-0.0408755068229,-0.598369937719,0.800561355458,-0.0240384156967,0.0218423522696
1.300202,0.864707573987,-0.443813988813,-0.0404508887563,-0.598222593661,0.800668622308,-0.0237827161752,0.0222231432368
1.400244,0.864341153923,-0.443921172129,-0.0409372756211,-0.598227536268,0.800682743111,-0.0234754437252,0.0219057818085
1.500276,0.863083442301,-0.443161717627,-0.0411702976581,-0.598007500423,0.800916390409,-0.0214855777097,0.0214087590395
1.600275,0.863667537767,-0.443638139381,-0.0411046171318,-0.598059233999,0.800841736774,-0.0224071943552,0.0218078635121
1.700364,0.863655213535,-0.444442085367,-0.0405065246683,-0.597942111038,0.800923441971,-0.0228510841465,0.0215568991602
1.800302,0.863655213535,-0.444442085367,-0.0405065246683,-0.597634916783,0.801152690998,-0.0228428154991,0.0215656608558
1.900259,0.863701981539,-0.444171061253,-0.0407806026447,-0.597788334566,0.801038287184,-0.0228697813751,0.0215346841637
2.000241,0.863522780299,-0.444121539062,-0.0409848648199,-0.598445675712,0.800558224804,-0.022798766996,0.021201842947
2.100229,0.864272492499,-0.443905432838,-0.0402713748864,-0.598250892762,0.800672077489,-0.0231318648874,0.022022953174
2.200256,0.863706864874,-0.443636358147,-0.0400925887382,-0.597842350394,0.801003459909,-0.0225302801598,0.0216879635914
2.300244,0.863521089763,-0.445164058812,-0.0398550819367,-0.597760227837,0.80105922936,-0.0235126346313,0.0208321167015
2.400402,0.863600357362,-0.445309752931,-0.0401637363899,-0.598109048977,0.800792233516,-0.0235838148081,0.0210039984685
2.500268,0.863508751634,-0.44583018873,-0.0399269489807,-0.597956340767,0.800903893541,-0.0238524594417,0.0207900944185
2.600255,0.862871395238,-0.447059354626,-0.040344123928,-0.597289477247,0.801415702634,-0.0236149155803,0.020505796826
2.700268,0.861820684119,-0.447265819454,-0.0407753424443,-0.59651542905,0.802034130456,-0.0227331080729,0.0198444522804
2.800317,0.862459088171,-0.447941225273,-0.0399517054723,-0.596497909832,0.802010793664,-0.0232176313149,0.0207333549741
2.900290,0.862892449547,-0.447724675228,-0.0408280648893,-0.597036471791,0.801587048492,-0.0240464640909,0.0206742014376
3.000315,0.864981937957,-0.449198048468,-0.0405462635646,-0.596456582462,0.801893799451,-0.026670235973,0.0222391131433
3.100280,0.860104315135,-0.447197962892,-0.0403091353495,-0.597295254236,0.801537145392,-0.0210048695618,0.0183133633799
3.200428,0.859087904773,-0.445625731877,-0.0392487608704,-0.596507900274,0.802183543224,-0.0184588624853,0.0184162506335
3.300339,0.861673723221,-0.447303998885,-0.0397964766786,-0.596368145208,0.802153768438,-0.0220344575679,0.0202200356536
3.400337,0.864089558496,-0.4482195389,-0.0398712989952,-0.596462476248,0.801955407342,-0.0250364585606,0.0217535009895
3.500259,0.862775441661,-0.448235401733,-0.0396755265227,-0.596609388499,0.801911642577,-0.0240101506465,0.0204564835707
3.600249,0.860668683809,-0.44730236537,-0.0407113087568,-0.596715840352,0.801938190544,-0.0218725612951,0.0186262041821
3.700147,0.857895154537,-0.44568813087,-0.0414834784652,-0.597218675606,0.801691679732,-0.0185046395752,0.0166698071224
3.800259,0.856862074706,-0.446767682032,-0.0425625236059,-0.59703053206,0.801857989651,-0.018518671624,0.0153416760087
3.900289,0.854383690048,-0.445941180844,-0.0449510006446,-0.596369002611,0.802426072428,-0.0159328555774,0.0142321862816
4.000268,0.848684853247,-0.444590260255,-0.0482516834598,-0.595242662713,0.80339095912,-0.0117096143979,0.0105841495504
4.100302,0.839774947368,-0.446267846516,-0.0527104005167,-0.592880290476,0.805250116428,-0.00729625110732,0.00346061813145
4.200279,0.833409751274,-0.446875309685,-0.0541434491739,-0.592634898018,0.805437858346,-0.00629384964161,-0.00375785192011
4.300251,0.828689401252,-0.446336802963,-0.0522730092509,-0.594501213433,0.804050649845,-0.0046887098199,-0.00699111650863
4.400232,0.818821618974,-0.446780213924,-0.0510859287191,-0.590237493817,0.807121880729,-0.000461941909744,-0.013181697535
4.500229,0.807059122158,-0.443963704879,-0.0477253832419,-0.586009822973,0.81008044077,0.00615744344992,-0.018007019504
4.600263,0.794638686786,-0.438956513783,-0.0450937284171,-0.587859238719,0.808589892523,0.0144810597072,-0.01985447235
4.700230,0.785410766547,-0.432891586473,-0.0439209913888,-0.588953491378,0.807744313317,0.0194468436291,-0.0174565051261
4.800262,0.777307767587,-0.428987650275,-0.0452393871689,-0.590896380567,0.806374546285,0.0206463735023,-0.0132395542887
4.900249,0.767521815011,-0.428292434698,-0.0471725713545,-0.588964336975,0.807822433661,0.0190857453015,-0.013403722321
5.000274,0.755799605705,-0.426071469014,-0.0482347772772,-0.587422210258,0.808883367007,0.0205738049158,-0.0148176929972
5.100332,0.744055790707,-0.422956717871,-0.0484819760782,-0.584787534133,0.810683687387,0.0232147560569,-0.0166305149954
5.200277,0.73380248042,-0.421619260839,-0.0472373851342,-0.582108761593,0.812533680744,0.0245745789069,-0.0182892701916
5.300321,0.725266206466,-0.41949582561,-0.0466156346624,-0.582318615663,0.812325962856,0.0252718507504,-0.0198215408828
5.400250,0.717347792105,-0.418320887385,-0.0462030472422,-0.583457097857,0.811461237075,0.025443665509,-0.0214731360315
5.500280,0.709786475404,-0.418689735296,-0.0478539058729,-0.584980235081,0.810379535894,0.0231123324564,-0.0234297344776
5.600247,0.704862506772,-0.418247893766,-0.0488409095422,-0.585283235294,0.810312773032,0.0181912404138,-0.0224905117263
5.700226,0.698448481083,-0.414623086324,-0.0509973288291,-0.584611921371,0.810858138069,0.0152304165545,-0.0224947933713
5.800231,0.690002035948,-0.409419185781,-0.0528272120621,-0.583445544687,0.811688590973,0.0146401491339,-0.0232076216475
5.900278,0.681619612967,-0.403486075409,-0.0529043419732,-0.582025131191,0.812698078842,0.014590646779,-0.0235731273886
6.000261,0.669302120004,-0.396875234854,-0.0529423451425,-0.580583463678,0.813538319859,0.0184818712319,-0.0271415596409
6.100255,0.655532273917,-0.392381607128,-0.0507428097573,-0.578766868021,0.814517250693,0.0227720277204,-0.0327413432579
6.200305,0.642350007906,-0.386575508539,-0.0479257544247,-0.581032074167,0.81254807536,0.0274851401845,-0.0375755384041
6.300277,0.628740575735,-0.382213694016,-0.0468475498966,-0.582293226773,0.81119910554,0.0314281590965,-0.0436220132715
6.400349,0.617100362922,-0.379598787378,-0.0464050394426,-0.58361944914,0.809974573857,0.0319921815123,-0.0480211267297
6.500286,0.609800506711,-0.379211577423,-0.0485139884786,-0.583117326738,0.810496456281,0.0249238546295,-0.0494821087254
6.600244,0.60335568038,-0.381727470795,-0.0512456335161,-0.58721589756,0.807786185028,0.0152342819342,-0.0492634304952
6.700295,0.596986661268,-0.380513959051,-0.0538575299491,-0.58857361885,0.806997458694,0.00780415418836,-0.0477000213082
6.800293,0.587286496807,-0.374769443497,-0.0565285400937,-0.586283099023,0.808834594385,0.00819086833996,-0.0446277537159
6.900179,0.575862758084,-0.364461343531,-0.0587103698096,-0.578303270027,0.814703745693,0.0153327785883,-0.0398502262445
7.000291,0.562738019293,-0.35467045044,-0.0603649655484,-0.575782476281,0.816349918897,0.0249054735108,-0.0377765444886
7.100231,0.549246922093,-0.347229896766,-0.0599817101926,-0.576474122534,0.815439740028,0.03426024477,-0.0395202740386
7.200239,0.537711528502,-0.344211319974,-0.059428727549,-0.576835607674,0.814892809747,0.0367673465397,-0.0431109333047
7.300284,0.527020971659,-0.342026491521,-0.0580720681687,-0.575639091155,0.815530363037,0.0387736610252,-0.0452378924145
7.400340,0.514502702026,-0.339425892176,-0.0561281846119,-0.573049600649,0.816960358191,0.0427629407855,-0.0485927899581
7.500285,0.503565349313,-0.337359817853,-0.0561213709712,-0.571223982239,0.817884859147,0.0450865357576,-0.0522945846664
7.600233,0.494752601757,-0.337234130051,-0.0588964292394,-0.5693570375,0.819075371783,0.0436019871814,-0.0551993288153
7.700230,0.48646960985,-0.337591487811,-0.0626510644977,-0.568785679356,0.819405566232,0.041903019971,-0.0574587321897
7.800240,0.480360642538,-0.335338331253,-0.0659270924826,-0.566688446125,0.820969453866,0.0423520384315,-0.0554947356786
7.900233,0.474272123266,-0.331825795124,-0.0695867474004,-0.562724032921,0.823691422555,0.0457005988678,-0.0527783899475
8.000256,0.470666913747,-0.323699386803,-0.0719038037585,-0.559149530571,0.825978282711,0.053319917305,-0.0476305088239
8.100236,0.469810380929,-0.319127868492,-0.0739565448972,-0.557765423463,0.826954594676,0.0564764121155,-0.0430609522468
8.200232,0.468404234373,-0.315054799077,-0.0763542047842,-0.558656268187,0.826131119886,0.060349296817,-0.0420536460327
8.300240,0.469595844767,-0.314167936953,-0.0778514899352,-0.558886728546,0.826075754441,0.0592006362876,-0.0417103972969
8.400233,0.470796133179,-0.312795388772,-0.078859577733,-0.558162585446,0.826574645431,0.0594029078203,-0.041233218175
8.500231,0.475029277973,-0.311611109375,-0.0798329867165,-0.559404954594,0.825924226426,0.0576772850217,-0.039857242397
8.600308,0.47931908986,-0.309421788971,-0.0805009402532,-0.559076707244,0.826199813346,0.058221288434,-0.0379128661141
8.700301,0.486720801034,-0.306223311508,-0.0816836820527,-0.55968906984,0.825950604432,0.0580518581375,-0.0344053179942
8.800355,0.498299474312,-0.30619865225,-0.0834640090658,-0.561144779613,0.825471432072,0.0528665932134,-0.0303079934581
8.900361,0.511611882634,-0.304181834955,-0.0849370249734,-0.56364868642,0.82422611862,0.0480491462223,-0.0253523811268
9.000268,0.52642878208,-0.301870387943,-0.0861042508203,-0.564593211754,0.824047651885,0.0421925568143,-0.0199940194423
9.100251,0.540842104715,-0.298639125255,-0.0863908809708,-0.565093524819,0.823930578938,0.0399766363531,-0.0144768036962
9.200362,0.551912159285,-0.286105467201,-0.0851680815719,-0.553725914038,0.831098917407,0.0507138258499,-0.00950312982585
9.300266,0.561624722145,-0.27375914319,-0.0831969878085,-0.5474690687,0.834344246063,0.0640425430932,-0.00677130359542
9.400253,0.574963755865,-0.265588866018,-0.0805417841956,-0.547244170946,0.833880299898,0.0717534169887,-0.00434855817109
9.500260,0.59389300657,-0.261419634332,-0.0791483888615,-0.548824154329,0.832983943057,0.0702080811385,0.000789668830799
9.600255,0.616185783383,-0.263356064638,-0.0796483869912,-0.553834173963,0.830428604244,0.0600302178058,0.00723974823359
9.700240,0.638001059908,-0.265161717524,-0.0805888104455,-0.551347523728,0.832691738572,0.049807693844,0.0126321109574
9.800298,0.658229410691,-0.26559109208,-0.0825056085566,-0.545482732876,0.83695985793,0.0408646467441,0.0166392606252
9.900249,0.675322423429,-0.263272844367,-0.0840098312416,-0.540375795246,0.840359597379,0.0377391691184,0.0191181097223
10.000260,0.692065252583,-0.25695415907,-0.0835888344187,-0.535297421211,0.843522803969,0.0379768263801,0.02199342373
10.100270,0.70703839616,-0.250027021982,-0.0826070291829,-0.528213602602,0.847874548039,0.0391240467338,0.0238421848985
10.200648,0.722914346118,-0.242887261523,-0.0800835403891,-0.522420529949,0.851316425146,0.0399453890733,0.027230498641
10.300287,0.737739406288,-0.235476468907,-0.0774706395535,-0.5180206646,0.853868147403,0.0401862932975,0.030803242195
10.400387,0.75286724614,-0.229249976262,-0.0744782589725,-0.51122304648,0.857857783423,0.0387381443343,0.0350767207991
10.500242,0.769378051883,-0.222355991783,-0.0725593088242,-0.507293201426,0.860049960549,0.0354489940959,0.0413647430133
10.600242,0.787345981822,-0.2158615836,-0.0688206225863,-0.503889711154,0.861854746818,0.030601240852,0.0486324833698
10.700310,0.802496133322,-0.210409683373,-0.0663145418638,-0.496109746422,0.866127901814,0.0276662558378,0.05414938128
10.800281,0.814079660382,-0.203056205646,-0.0647715450109,-0.487278308282,0.870973059791,0.027628363184,0.0565902195052
10.900293,0.82407136975,-0.196828329749,-0.0622544647396,-0.478878548664,0.875511956116,0.0289792066875,0.0575704430032
11.000274,0.832567973957,-0.191944418644,-0.0556082152449,-0.473319637385,0.878606751011,0.0296828021399,0.0560145445426
11.100269,0.83835787531,-0.184541175425,-0.0471631619326,-0.466124391565,0.882244066964,0.0364158179428,0.0552027725712
11.200290,0.841671747273,-0.180580796802,-0.0385357124301,-0.464173928351,0.883170379926,0.0425218943319,0.0523882884208
11.300274,0.846957867657,-0.178681418313,-0.0327103873031,-0.46569945492,0.882141401048,0.0455519367297,0.0536245028323
11.400248,0.855010893045,-0.180126190498,-0.0315625919385,-0.468822733434,0.880333277993,0.0424624931316,0.0584422873499
11.500265,0.858453123637,-0.182881073028,-0.0335317467229,-0.47025889617,0.879614728528,0.0402262478515,0.0592988103854
11.600235,0.858174281236,-0.187579501279,-0.0366213347797,-0.468968057178,0.880451602761,0.0394966260846,0.0575669442593
11.700780,0.857543292261,-0.191461268616,-0.0372475536074,-0.467003004016,0.881596017473,0.0391721575528,0.0562334267866
11.800523,0.856879836943,-0.195348248029,-0.0377830306376,-0.46583793514,0.882223926959,0.0398598049314,0.0555621889041
11.901202,0.855416440795,-0.201881693614,-0.0392442244445,-0.46695310703,0.881802958309,0.0389828701743,0.0534665725996
12.000325,0.853572610061,-0.2086815874,-0.0400743766961,-0.466733476462,0.882080493744,0.038367205141,0.0512037310674
12.100308,0.851397271636,-0.221034526467,-0.0414797274941,-0.476356901592,0.877497345915,0.0316749897092,0.0455983030885
12.200277,0.850169256585,-0.237217187541,-0.04140681784,-0.489695357682,0.870638649934,0.0237827594819,0.0402638579454
12.300262,0.84292164645,-0.250629096523,-0.0429915122127,-0.497766694323,0.866415782105,0.0240907623304,0.0311712321314
12.400266,0.832790106599,-0.260569324907,-0.0444344199289,-0.507206579142,0.860944905155,0.0315070799501,0.0228617644775
12.500233,0.824992770773,-0.270196700717,-0.0448483036609,-0.51563777492,0.855800382301,0.0377420527721,0.017289539675
12.600229,0.820754139374,-0.281926140117,-0.0455576815969,-0.530117185785,0.846883804565,0.0393648062419,0.0146288389996
12.700298,0.8172460264,-0.298228873046,-0.0456310601735,-0.542927585834,0.838844505473,0.0374143383831,0.0130268746109
12.800279,0.808170725766,-0.314187020911,-0.0474046135669,-0.551797096773,0.833062766677,0.0383608034151,0.00740537178416
12.900256,0.79767741755,-0.329718854746,-0.0476063344992,-0.555637563236,0.830420426423,0.0407606821298,0.00271670607868
13.000289,0.784374883396,-0.345186724236,-0.0474871205489,-0.561459580526,0.826290742126,0.0447665372192,-0.00164501000358
13.100261,0.7736265508,-0.359139179324,-0.0447568425627,-0.570071561881,0.820268955563,0.0466256142416,-0.00181850760221
13.200251,0.761245142786,-0.377739029841,-0.0409334202914,-0.582252213889,0.811739244672,0.0449400900328,-0.00649202502053
13.300270,0.751179676667,-0.398805835658,-0.037466443643,-0.592794331201,0.804358801381,0.0382080709192,-0.0119139772469
13.400316,0.742928269841,-0.4180549393,-0.0351142831027,-0.602218323879,0.79754898139,0.0311159561859,-0.01674843093
13.500262,0.731745464475,-0.437236353854,-0.0367480081311,-0.610120435139,0.791491060569,0.0272998854048,-0.0234450831296
13.600166,0.723661969923,-0.453691520698,-0.0401763480376,-0.618577684037,0.784910571862,0.024117724742,-0.0263700273904
13.700273,0.715904003337,-0.470728633981,-0.0450060408291,-0.623818046447,0.780780466823,0.0210969290394,-0.0280682585731
13.800259,0.706825848142,-0.484805962037,-0.0496323095185,-0.628507423203,0.776981812169,0.0202347010106,-0.0294659025321
13.900235,0.697024724964,-0.496417922524,-0.0531624815595,-0.633266349525,0.772996167716,0.0221848278895,-0.0309594681475
14.000291,0.685809433376,-0.50746657829,-0.0562002433183,-0.637600380617,0.769131169676,0.0260377402465,-0.0350004936225
14.100274,0.674867671745,-0.51751095516,-0.0577886131928,-0.63918610688,0.767435260473,0.0297259170573,-0.0400076443802
14.200266,0.668046401285,-0.528103138467,-0.0575852137631,-0.643623575358,0.763431641568,0.0302900750834,-0.0447586108762
14.300305,0.661514994096,-0.540259545055,-0.0566789214477,-0.651544538214,0.756368028827,0.029681813616,-0.0501608376401
14.400234,0.654086847086,-0.550653308587,-0.0560141693613,-0.657596573888,0.750749216515,0.0304246377327,-0.0549245057434
14.500277,0.646248950789,-0.559468620873,-0.0553503926596,-0.660970088344,0.747467427901,0.0317125852086,-0.0583549353635
14.600258,0.635675656939,-0.563744233945,-0.0560579388328,-0.66087937789,0.747130177693,0.0364649933251,-0.0608707624606
14.700233,0.623978443798,-0.565794702029,-0.0588263918117,-0.659109240795,0.748144220116,0.0425985520908,-0.0635656980164
14.800235,0.612107157691,-0.567032493472,-0.0610796858571,-0.657735710499,0.748710229684,0.04920652452,-0.0662981526607
14.900235,0.603825199674,-0.567760681632,-0.0615450593458,-0.65836583285,0.747677435225,0.0534300227987,-0.0683967517878
15.000234,0.599980686759,-0.567653501348,-0.0599272509186,-0.659977128154,0.746173966524,0.0555010665247,-0.0676330807325
15.100371,0.5987981359,-0.566703551891,-0.0573493570388,-0.66044948699,0.745854154428,0.0561860383964,-0.0659635091952
15.200278,0.598140290426,-0.56466349187,-0.0561579134506,-0.659497052993,0.746748313065,0.0570723291649,-0.0646014184922
15.300362,0.599003953014,-0.562034732743,-0.0553266180319,-0.659680070909,0.7466913461,0.0571269579472,-0.0633304696089
15.400273,0.600359168532,-0.558329835548,-0.0552813134983,-0.661783258765,0.744799972492,0.0577393789027,-0.0631037520064
15.500314,0.602522700254,-0.55279120771,-0.0559262584414,-0.66328015169,0.743514886775,0.0581042221795,-0.0622009074098
15.600234,0.604130926127,-0.540607923986,-0.0587295965507,-0.661968111842,0.74474827027,0.0619460758573,-0.0575405641335
15.700306,0.603396156761,-0.524738668875,-0.062828826063,-0.656132454105,0.749828397296,0.0687003873023,-0.050277570176
15.800241,0.603704486249,-0.506940961805,-0.0666509340109,-0.649141130817,0.755795994651,0.0756337772525,-0.0408379540222
15.900255,0.605448056028,-0.487582152217,-0.0696860720692,-0.641243245048,0.762286261446,0.0815803234877,-0.0327323557298
16.000311,0.605394682858,-0.470268092078,-0.069940715377,-0.632456288166,0.769208685407,0.0868951586068,-0.0276816412923
16.100244,0.604657404135,-0.453712332796,-0.0686183246921,-0.626815423866,0.773393997906,0.0908086754085,-0.0267942694714
16.200231,0.604267293443,-0.43751919034,-0.0655036413427,-0.619896999208,0.778624200412,0.0934944484047,-0.0270342934689
16.300316,0.602951178654,-0.421858625967,-0.0628404885598,-0.614992018258,0.782156939825,0.0959759920333,-0.0283539753026
16.400301,0.605734594427,-0.408090483024,-0.061993572893,-0.608569826395,0.787648203928,0.091751687878,-0.0288911928087
16.500291,0.611637501314,-0.397496544896,-0.0616597874872,-0.602862293114,0.793141384909,0.0816169609098,-0.0286787513337
16.600298,0.613979688229,-0.385387875842,-0.0629477544953,-0.598742593037,0.79693425524,0.0743360420405,-0.0296184564393
16.700267,0.61309374263,-0.368705924919,-0.0641012364529,-0.591579201937,0.80227911441,0.0736534094313,-0.0309426194055
16.800267,0.611424698299,-0.346574955467,-0.0652784834305,-0.577266546589,0.812194275108,0.0792627715341,-0.0286567046328
16.900336,0.611543958251,-0.327386677019,-0.0673266573011,-0.566205079343,0.819957080036,0.0800634125948,-0.025923830499
17.000295,0.608447911992,-0.304469663962,-0.0691990910751,-0.5578093216,0.82494811832,0.0879644974657,-0.0239083667661
17.100234,0.607351480884,-0.286019129284,-0.0702710219494,-0.548512454589,0.830839925644,0.0913950501814,-0.0220465398447
17.200222,0.606387204027,-0.26781927889,-0.0703030508459,-0.538234216797,0.837133182569,0.0952817298914,-0.0208171674446
17.300232,0.605974585866,-0.251622973297,-0.0695782808848,-0.530540950222,0.841802125688,0.0974449171764,-0.0199992360131
17.400159,0.604949384882,-0.237026617399,-0.0687616438202,-0.52393369927,0.845664301973,0.0997729339645,-0.0197668608075
17.500257,0.603072445707,-0.222336480546,-0.0681628904411,-0.514014389869,0.851417075682,0.102445686438,-0.0195717034234
17.600265,0.602171496856,-0.205726294074,-0.068416192805,-0.50275231023,0.857754645924,0.105626750029,-0.018441031211
17.700296,0.600779607097,-0.188543987759,-0.0691612289652,-0.493215555309,0.862844653532,0.109293429491,-0.0171016414938
17.800296,0.602358116923,-0.173581948352,-0.0691897018925,-0.485729619402,0.867058205306,0.109927791511,-0.0138811418778
17.900233,0.604892742817,-0.162875697651,-0.0720078566004,-0.478678282412,0.871833743632,0.103170225358,-0.0113547351786
18.000358,0.607425018866,-0.154803789763,-0.0754417079422,-0.474603290745,0.875097340354,0.0941152124714,-0.00993418847822
18.100275,0.609008524021,-0.148481938916,-0.0795790372528,-0.466209373804,0.880361511296,0.086812849223,-0.00871541258026
18.200239,0.610041873209,-0.140641385346,-0.0839117405144,-0.45572196103,0.886039463674,0.084860802211,-0.00708571059283
18.300234,0.610223060458,-0.128284645213,-0.0891432218759,-0.4470667621,0.889939310952,0.0901244853982,-0.00411219889604
18.400250,0.612941010346,-0.116257094196,-0.0926557399726,-0.438224706138,0.893532080404,0.0977172077385,0.00329780707256
18.500274,0.615608185879,-0.107065547281,-0.0954890857954,-0.433707638294,0.895078751601,0.103254467716,0.00838020366879
18.600238,0.618327271941,-0.102008809428,-0.0979684424149,-0.434024616314,0.894817740065,0.103974939326,0.0106328025827
18.700224,0.621435415813,-0.0986357728499,-0.0987361499859,-0.433653867943,0.895051697154,0.103356602018,0.012008124724
18.800235,0.6250056938,-0.0978663806082,-0.0976611058829,-0.426778022422,0.898477572885,0.102100647555,0.0131919812599
18.900317,0.629250113254,-0.0977520966872,-0.0965649792989,-0.424712291292,0.899543995589,0.101017101924,0.0153497473772
19.000267,0.635415550714,-0.100783614062,-0.0947393577869,-0.428127679197,0.898280258468,0.097411260839,0.0176157262969
19.100256,0.642966078496,-0.104985290736,-0.093492721143,-0.429259684707,0.898069081361,0.0937203330469,0.0206045471068
19.200239,0.652037200081,-0.113593062243,-0.0923613175734,-0.427614582452,0.899212890168,0.0893434678401,0.0240767893319
19.300237,0.659397346065,-0.121796960104,-0.091855605455,-0.426015033487,0.900124023545,0.0873222467903,0.0257441002036
19.400268,0.669469344782,-0.133967471464,-0.0903298849307,-0.429789687036,0.89877033778,0.0819363188465,0.0279131599275
19.500292,0.679961904511,-0.148132903732,-0.0893270440836,-0.432977882269,0.897864533857,0.0742400463234,0.029289039415
19.600227,0.689793183245,-0.16505188192,-0.0895730033236,-0.437232519391,0.896603997267,0.0643822040023,0.0279987120902
19.700282,0.700824956693,-0.183728060132,-0.0893439945362,-0.442531674449,0.894775685424,0.0532704891517,0.0265413803238
19.800362,0.712918869727,-0.203603307098,-0.0891673955819,-0.446986104743,0.893169812318,0.0422114772582,0.0258708275558
19.900327,0.724202556917,-0.219963861666,-0.0874125123157,-0.450870377629,0.89150840489,0.0363499488411,0.0246444274888
20.000330,0.733976040416,-0.233017476906,-0.0848875243558,-0.453129810866,0.890333656826,0.0378863017426,0.0233234253079
20.100316,0.742070961416,-0.245866640971,-0.0826469148735,-0.456606596609,0.888401016728,0.0423753992366,0.0214096928783
20.200273,0.751405147565,-0.258171387337,-0.0794818749699,-0.469506807431,0.881482978514,0.0461334467532,0.0205626228032
20.300282,0.762308899624,-0.274080556039,-0.0764966027276,-0.477927995683,0.876892469845,0.0471471297414,0.0205323020763
20.400184,0.771659980691,-0.286951198718,-0.0753936446033,-0.488432029989,0.871018967274,0.0485060772924,0.0201809612136
20.500348,0.782053152925,-0.305154960131,-0.0739923601707,-0.498058737634,0.865787537799,0.044391846323,0.0194627140423
20.600265,0.791827445957,-0.320698960867,-0.0734006450575,-0.506929431503,0.860894334136,0.0393872670016,0.018224711996
20.700261,0.800438720085,-0.336495227356,-0.0733325045568,-0.514065292631,0.856963209224,0.0327877798437,0.0166100704783
20.800331,0.807437157057,-0.349250587715,-0.075064552709,-0.51953839264,0.853817703357,0.028878604664,0.0155310720562
20.900292,0.814951287957,-0.358019531022,-0.0740875668298,-0.52364081019,0.851323836754,0.0273749936531,0.0172811052848
21.000266,0.819011514135,-0.364888904716,-0.0754862832709,-0.5268157716,0.849326115298,0.0286554971586,0.0170045625937
21.100271,0.82381871193,-0.371892732651,-0.0738337384104,-0.529370502129,0.847712234178,0.0287688615057,0.0179775445509
21.200240,0.827922760078,-0.379141352116,-0.0722301612136,-0.531874243781,0.846130938247,0.0286770540158,0.0187042967635
21.300291,0.831726039511,-0.386317664484,-0.0705510483567,-0.534676541718,0.844360029747,0.0283704995241,0.0192937984527
21.400283,0.836357079014,-0.392593246355,-0.0692979316461,-0.537935253514,0.842275226586,0.0273663572585,0.0211940604
21.500254,0.843781779177,-0.402178854791,-0.0683385849528,-0.542173943969,0.839705402215,0.0199695335086,0.0233124366957
21.600234,0.849180060075,-0.412718418623,-0.0683798060366,-0.545764823167,0.837515391404,0.0123641922357,0.0235765499068
21.700320,0.854322988044,-0.421168997382,-0.0689991919636,-0.548367220923,0.835819722688,0.00687714971895,0.0255242432744
21.800221,0.859354453136,-0.425033666766,-0.0690904805427,-0.550020254692,0.834611501112,0.00427317059598,0.0297170263251
21.900269,0.857032727361,-0.426133720818,-0.0709824381246,-0.551779193329,0.83346654516,0.00884640515886,0.0281954078575
22.000237,0.852705210169,-0.422992245499,-0.0696484466794,-0.553305824061,0.832384492386,0.0177501067755,0.0259548763339
22.100268,0.849133538298,-0.421920575213,-0.0664799996479,-0.554640565094,0.831437665946,0.023448165758,0.0231394624078
22.200330,0.848129076867,-0.424106557274,-0.0649312193461,-0.553954690917,0.831946735344,0.0232372402573,0.0214210323205
22.300243,0.848130049449,-0.42517972036,-0.0649338795637,-0.553913422013,0.831984364685,0.0228062829762,0.0214897950135
22.400271,0.848604910905,-0.42476718832,-0.0652114766773,-0.554478836506,0.831620842753,0.0222260670203,0.021586933777
22.500262,0.850361474782,-0.424681886265,-0.0652126478873,-0.554181637361,0.83182505858,0.0204727436216,0.0230358741553
22.600303,0.853352563939,-0.425115197297,-0.0663812022046,-0.554427278009,0.831664573942,0.0172471168752,0.0254355422538
22.700236,0.851692164521,-0.423081189176,-0.0659715233999,-0.554823806497,0.831386550256,0.019696634977,0.024062218691
22.800366,0.85248282954,-0.422240010858,-0.0660351081383,-0.555696333003,0.83079829625,0.0192110907447,0.0246314926012
22.900437,0.8525988137,-0.422456687572,-0.0656564940129,-0.555773463481,0.830765138676,0.0187102469535,0.0243940220038
23.000238,0.851723723629,-0.422198952671,-0.0663071905879,-0.555483564685,0.83095529178,0.019621719704,0.0237970700733
23.100240,0.85169205051,-0.421632205165,-0.0660392528546,-0.556169473789,0.830500186419,0.0197182666341,0.0235827637327
23.200225,0.851887917499,-0.421383758412,-0.0665350851042,-0.556313287434,0.830394264604,0.0197665674895,0.0238783237729
23.300231,0.852101897758,-0.420550931907,-0.0656398034641,-0.555976233172,0.830597716414,0.020220093869,0.024269516681
23.400272,0.849431208659,-0.420572505199,-0.0662400596072,-0.555746698129,0.830762112478,0.0223870494559,0.0218801281183
23.500346,0.850610592692,-0.420839480715,-0.0659118228501,-0.556313034022,0.830381621187,0.0213811879822,0.0229132313921
