time,right_s0,right_s1,right_e0,right_e1,right_w0,right_w1,right_w2
0.126666,0.863632560725,-0.240260083497,-0.10390908533,-0.497385755536,0.760681024923,0.246969260361,0.33612196142
0.126774,0.863632560725,-0.240260083497,-0.10390908533,-0.497385755536,0.760681024923,0.246969260361,0.33612196142
0.200491,0.863208445679,-0.240041199672,-0.104533515623,-0.497127260077,0.760944493055,0.247330613865,0.335641971784
0.300236,0.863364872461,-0.23849965107,-0.103758362351,-0.497033435741,0.760470894151,0.248295230989,0.336141727806
0.400294,0.863174662585,-0.239714692095,-0.105142714095,-0.497154596289,0.760915375034,0.247187011745,0.335773257794
0.500287,0.862965654664,-0.241150048627,-0.105096702312,-0.496665643525,0.761531596238,0.246904156712,0.33530762573
0.600301,0.862771863362,-0.239614585811,-0.105127968692,-0.496963956062,0.760928528035,0.247739909609,0.3356181443
0.700260,0.862734698174,-0.240069301708,-0.104129729684,-0.497644626566,0.760387208919,0.247801750338,0.335790724546
0.800475,0.863420205786,-0.243253087157,-0.106177549838,-0.499106010172,0.761858752087,0.24347671062,0.333441934771
0.900499,0.866545551364,-0.250380133201,-0.111890938913,-0.50179033618,0.765501951931,0.231420365167,0.329632878659
1.000348,0.871686692166,-0.251946679729,-0.11066834478,-0.501924942239,0.76642940185,0.225246795901,0.331543670239
1.100282,0.875805049678,-0.251694507544,-0.106076642452,-0.502103217884,0.766353521043,0.223082765347,0.332909475954
1.200346,0.8818711415,-0.252071976383,-0.0985558956276,-0.50490437953,0.764451527941,0.218707593013,0.335935139155
1.300320,0.888553563554,-0.250980489589,-0.0877955629144,-0.505608945092,0.762578627511,0.216749770798,0.340371809005
1.400258,0.892650632444,-0.241015510547,-0.068440437774,-0.498427178553,0.759610550993,0.229709293895,0.348992548342
1.500230,0.894041998209,-0.220852645201,-0.0390982644728,-0.488736046531,0.748074826352,0.258618201506,0.366930179802
1.600268,0.889563446541,-0.193862368735,0.000690854775387,-0.482269361941,0.725827659408,0.299632908438,0.388343393856
1.700280,0.89035411859,-0.174751681654,0.0352687360711,-0.476673290525,0.707014374068,0.325939280359,0.408260743252
1.800276,0.901471730632,-0.160211445305,0.064880879054,-0.471540463551,0.694548186799,0.334123298107,0.42850207597
1.900409,0.915079684439,-0.145612642316,0.0936863092573,-0.462628469805,0.68559319,0.340097323718,0.447516130604
2.000272,0.924667383044,-0.127409923549,0.129076812087,-0.455458637949,0.669435945046,0.35230904293,0.469351981852
2.100247,0.92258173218,-0.103114568218,0.172771089275,-0.446213017864,0.643316087702,0.383864565055,0.48957772589
2.200249,0.909089642096,-0.0811831419538,0.218616143048,-0.445316951529,0.607183520882,0.420672796275,0.506019152923
2.300360,0.893974486827,-0.0644267929481,0.252968501603,-0.453436579524,0.576514475442,0.445274218556,0.513572972658
2.400316,0.888038455002,-0.0532107258499,0.275193242479,-0.460056256427,0.562675420455,0.454457733527,0.514988136344
2.501962,0.883589345542,-0.0448600735582,0.293728914477,-0.471686892467,0.551010895599,0.454635529194,0.516918759576
2.600307,0.866156852537,-0.0349935503176,0.319343424765,-0.488710560545,0.52837305974,0.466552989922,0.514113027794
2.700286,0.838521630871,-0.0252985142762,0.345675668998,-0.50866704099,0.498708920682,0.487192708802,0.505163852955
2.800250,0.819890778159,-0.0182578277715,0.367018137378,0.522874252607,-0.477367184228,-0.499159934534,-0.499562255518
2.900313,0.81216582075,-0.00824235604131,0.383549822196,0.533266864091,-0.46391702194,-0.500828061227,-0.499578523861
3.000245,0.808451466953,0.00457830397448,0.397247795032,0.541135159931,-0.455516685741,-0.499962905237,-0.499714299461
3.100245,0.801726377719,0.0174445649083,0.408132643617,0.548315147726,-0.445216644249,-0.502796692198,-0.498325320221
3.200244,0.78875678742,0.0307800585219,0.422438570363,0.552561334349,-0.426048052468,-0.51553687199,-0.497373865809
3.300278,0.774338142234,0.0433266597001,0.441471605441,-0.552325182693,0.400433318408,0.53294010975,0.500564570752
3.400279,0.758132248752,0.0529267077326,0.455003170897,-0.5507173916,0.377099372276,0.552351803172,0.499413559639
3.500271,0.753859305037,0.063889937593,0.460481508438,-0.546022982633,0.36791251728,0.560155130719,0.5027181234
3.600263,0.750736914563,0.0739853483391,0.468276705216,-0.536357088463,0.359457038434,0.570687842435,0.507372740372
3.700223,0.746520569647,0.0834665593879,0.481552278139,-0.527927844597,0.345455390326,0.579608723897,0.515758171409
3.800432,0.73600618954,0.0904774651594,0.491833781319,-0.524600762419,0.332596952633,0.591214134791,0.51443090303
3.900280,0.727439954348,0.0949697910692,0.493918145791,-0.52440874525,0.331391758328,0.597439303443,0.508174427849
4.000612,0.720181278049,0.0968517843376,0.49715621305,-0.518113337871,0.334992255309,0.605360313141,0.502869415731
4.100310,0.716222346327,0.0999682229412,0.501287439649,-0.509086695401,0.344349300008,0.609003970901,0.501366592003
4.200339,0.708396535955,0.100939438024,0.506563578385,-0.499945503883,0.35362537209,0.615284045495,0.496416289741
4.300324,0.702368624853,0.103271215191,0.510684710583,-0.492198350443,0.366435361098,0.616169675095,0.493761927908
4.400304,0.696420369538,0.106611380514,0.50903721153,-0.488173970127,0.38633356254,0.612950002847,0.486543777429
4.500281,0.689984029287,0.109225291138,0.510123117695,-0.482363228835,0.402862898956,0.609824539255,0.482847006241
4.600245,0.679224489886,0.110119405284,0.516839003288,-0.479836565793,0.408272459033,0.607522624484,0.483721748595
4.700277,0.661418604776,0.109329443119,0.51248864105,-0.486318620371,0.416775659323,0.606949918758,0.470535912971
4.800299,0.647023035402,0.107349932827,0.510725131656,-0.490759070075,0.42500582674,0.606402754594,0.459131007009
4.900414,0.632848858863,0.102203812696,0.512832829978,-0.492474877997,0.428848578565,0.608475733953,0.450904282964
5.000244,0.616913188136,0.0979444191361,0.508888365165,-0.498326681861,0.433860725119,0.608510802507,0.439488330422
5.100245,0.605303099775,0.0933492810782,0.503190204724,-0.501811076756,0.442319802204,0.605987820192,0.430485304746
5.200245,0.595300111432,0.0891038922451,0.499650628661,-0.503709997892,0.449450032827,0.603128733195,0.424860726839
5.300291,0.581277475453,0.0844914086607,0.488195725861,-0.516519146605,0.456480387406,0.596074961047,0.411738105981
5.400242,0.570618241467,0.0807007772794,0.476766416197,-0.530882564691,0.463293215215,0.587630603264,0.397760447191
5.500335,0.560691410892,0.0762828319536,0.47010636973,-0.545181421337,0.462318901741,0.582585956623,0.386823026806
5.600284,0.550459609621,0.0697189574867,0.463972545723,-0.553654885394,0.461966872826,0.583995349803,0.372830132499
5.700251,0.549964106068,0.0662681808211,0.462633825513,-0.553092550149,0.461195588874,0.585226364867,0.372689363462
5.800309,0.546648676521,0.0613245316531,0.46494704568,-0.549568532009,0.4571530643,0.59360774337,0.369615139622
5.900344,0.545415072076,0.057181037151,0.464392006384,-0.546627825932,0.453780268991,0.600674035322,0.366704500492
6.000255,0.547903147019,0.0571644701166,0.460195865161,-0.546385543341,0.458166353325,0.59723228004,0.367232942949
6.100538,0.547171582077,0.057406462006,0.462808995202,-0.548049328762,0.457678234382,0.595658463673,0.367917873541
6.200406,0.547247786922,0.0575135503646,0.462796628561,-0.549007697768,0.458663363339,0.594131778716,0.367730739049
6.300278,0.54907221449,0.0567440627185,0.460128222744,-0.547132577575,0.461761099137,0.593660142264,0.367410214021
6.400251,0.549922223853,0.0565179229584,0.457298953053,-0.546128860192,0.464280736168,0.593201994206,0.366466997366
6.500972,0.549860181071,0.0563892214118,0.456477700938,-0.545029211243,0.465434706275,0.593667857805,0.365885457069
6.600280,0.549445648224,0.0564060795556,0.456431193696,-0.544973869745,0.465137720419,0.594139369953,0.365580075238
6.700400,0.549865637082,0.0559831875588,0.456373274389,-0.545038859115,0.465063738753,0.593936457696,0.365906880465
6.800298,0.549473983604,0.0559889976346,0.456343402424,-0.545218774014,0.464857344736,0.593990172986,0.365813903378
6.900306,0.549551095768,0.0557043138794,0.455954652347,-0.544592571123,0.465420663284,0.594378471979,0.365399465947
7.000334,0.54910410987,0.0559804632544,0.456776268526,-0.544903234347,0.464760541085,0.594579903264,0.365448824438
7.100875,0.547999988663,0.0551695815935,0.457346431105,-0.544331211298,0.463503029733,0.596536653305,0.36470878122
7.200290,0.547463843529,0.0555346529879,0.457539964961,-0.544206449221,0.462796177614,0.59742750884,0.364334201378
7.300414,0.54752894598,0.0553323333619,0.456704298955,-0.543825065854,0.463383880151,0.59761952969,0.363841414764
7.400275,0.547503203801,0.0551956914981,0.457519145102,-0.543948434568,0.462974440211,0.597494219174,0.364383625174
7.500417,0.547678105736,0.0554110432583,0.456814017119,-0.543899278267,0.463321176346,0.597496600798,0.364012190297
7.600306,0.547175600206,0.055553305539,0.457066106164,-0.544041573121,0.462890443985,0.597845336612,0.363774871416
7.700340,0.547155109238,0.0556079147975,0.457330689456,-0.543679555481,0.462529597214,0.598443902592,0.363790885128
7.800318,0.5475392524,0.0554153557995,0.456768696788,-0.543584896046,0.462892458852,0.598323397897,0.363669003159
7.900281,0.547604576641,0.0555243590864,0.456631166596,-0.542783631615,0.462978236987,0.598852841766,0.363885085207
8.000251,0.547429224186,0.05553759527,0.456875051247,-0.543428765937,0.462637206297,0.598678263317,0.363643133764
8.100276,0.54721111407,0.0557869837162,0.457039214192,-0.543585954466,0.461923128782,0.598925404293,0.363908907964
