time,right_s0,right_s1,right_e0,right_e1,right_w0,right_w1,right_w2
0.131460,1.1064756745,-0.253005475346,0.324345622132,-0.103427332838,0.885526867953,0.118687282069,0.437102141416
0.131601,1.1064756745,-0.253005475346,0.324345622132,-0.103427332838,0.885526867953,0.118687282069,0.437102141416
0.200249,1.10663134146,-0.252824173561,0.324354329358,-0.103502441369,0.88542411761,0.118504300485,0.437342094191
0.300254,1.10659863491,-0.252647095198,0.324955831058,-0.104332618696,0.885271230178,0.118334844543,0.437500192299
0.400259,1.10686129158,-0.254277950214,0.324921366769,-0.103206185153,0.885321101575,0.117706805021,0.437835743749
0.500281,1.10685849225,-0.252899395732,0.325210930228,-0.10374693117,0.885170164399,0.118269602443,0.437861456935
0.600395,1.10662815468,-0.25290893142,0.325519191816,-0.10396659298,0.885190802077,0.118284143441,0.437763695243
0.700376,1.10622893434,-0.252287221614,0.32451420548,-0.103478726635,0.885490648731,0.119234926143,0.437014297857
0.800286,1.10624150319,-0.250969106205,0.324472428035,-0.104054736392,0.885353197022,0.119605406472,0.43705477357
0.900300,1.1059419161,-0.252767828645,0.323770359065,-0.103955520183,0.885657442366,0.118859498491,0.436665277099
1.000325,1.10668391385,-0.251769807596,0.325755004335,-0.103495244645,0.88498002539,0.119274571758,0.438032721984
1.100277,1.10640693649,-0.252763474063,0.32602451071,-0.103677422346,0.885122388498,0.118481903759,0.437917101694
1.200340,1.10621154025,-0.251516610087,0.325554556753,-0.104040658577,0.885224683268,0.119113358828,0.437452636573
1.300303,1.10624938867,-0.253299701301,0.324954399945,-0.103486677022,0.885444607204,0.118510796284,0.437302579933
1.400286,1.10587771764,-0.251433583589,0.324818498158,-0.104628997057,0.885396795603,0.118951542617,0.437007800639
1.500272,1.10651824285,-0.253866032527,0.325940213246,-0.102863977065,0.885166634823,0.118251890453,0.438081637623
1.600254,1.10632300754,-0.258923698457,0.32498748901,-0.104159537498,0.8861181598,0.112505315877,0.437364780841
1.700277,1.10565663082,-0.271287842957,0.320883023485,-0.108116270132,0.888618255286,0.0982913855284,0.434749665941
1.800279,1.10497122749,-0.282069830771,0.321824166354,-0.110198673523,0.890004584312,0.086588779026,0.433878411083
1.900657,1.10583279883,-0.292686334971,0.329995727975,-0.110237551544,0.889142728149,0.0758669502312,0.437626664031
2.000468,1.10948741185,-0.307876019213,0.340765303287,-0.106439568517,0.886464144118,0.062319075085,0.446058597414
2.100458,1.11436570563,-0.32123471209,0.353733307596,-0.102420371543,0.882130651297,0.0494149295418,0.457070832885
2.200338,1.11746442098,-0.334477832384,0.362341550828,-0.097646112284,0.879177517056,0.0391062160276,0.464739533639
2.300374,1.12070019524,-0.343540846573,0.369992463422,-0.0938893591861,0.876091951062,0.0311353235936,0.471887987918
2.400332,1.12576113738,-0.354255937769,0.379430995568,-0.0889627961535,0.87134377513,0.0225067176121,0.482015657531
2.500343,1.13160987091,-0.361768434178,0.391211888962,-0.0844627666559,0.865371315409,0.0158194174733,0.493708693002
2.600397,1.13633220376,-0.365061427758,0.407045481206,-0.0842525334139,0.859682433969,0.0120068757459,0.503689843329
2.700309,1.14130970569,-0.36808963752,0.425776962311,-0.0858760571357,0.853018869826,0.00710257607037,0.514717071743
2.800326,1.14456283055,-0.366421308146,0.443774526559,-0.0891890766631,0.847233397753,0.00526304431625,0.523653682027
2.900355,1.14440831619,-0.363278696206,0.453498433227,-0.0966530947109,0.846170154319,0.00415653166043,0.524058176605
3.000327,1.14355065869,-0.352230688724,0.462815541885,-0.107015889493,0.845428557895,0.00619248606117,0.523220609312
3.100318,1.1448232169,-0.340559751247,0.475510368239,-0.112571872189,0.841788281393,0.00923317338557,0.527858704021
3.200332,1.14844505152,-0.328979085996,0.488355405348,-0.114953302437,0.83645064618,0.0110453905194,0.535736926217
3.300364,1.15065700864,-0.314442334,0.495080264304,-0.11630362368,0.833667952125,0.016666519829,0.539623424099
3.400315,1.15161021441,-0.298099302325,0.496905377796,-0.120760039372,0.832412276889,0.0218997275951,0.54039542569
3.500331,1.15234871168,-0.280535376648,0.498389519591,-0.127188294591,0.830708568401,0.0261992501855,0.541350174465
3.600432,1.15231487588,-0.261397523505,0.499573046065,-0.134728504176,0.829317247978,0.0308424793996,0.541414696728
3.700343,1.15201309034,-0.240442619419,0.499929422357,-0.142967536215,0.827971399838,0.0358329846794,0.541054194927
3.800391,1.15216604675,-0.215922381162,0.503792075736,-0.154575716446,0.824166195111,0.040316523198,0.54335164367
3.900312,1.15167782234,-0.192725447331,0.508668187865,-0.164716645398,0.820610416366,0.0438791905603,0.54547372798
4.000367,1.15074045319,-0.17059588734,0.506077780417,-0.179220595057,0.819085933618,0.0401150256647,0.543478607098
4.100481,1.14918833046,-0.150961327242,0.498778441162,-0.195636124305,0.819184512941,0.0320973435329,0.538175622973
4.200352,1.14789390683,-0.128433109588,0.493311781362,-0.207250143376,0.817849234723,0.0318456468336,0.535869258413
4.300338,1.14799134338,-0.102616533578,0.488136539421,-0.216076367588,0.814478865487,0.037238563926,0.537167078665
4.400279,1.14878924976,-0.0807119578714,0.479556880415,-0.22250550402,0.812218639147,0.0412749907229,0.537669562133
4.500312,1.14960997459,-0.0564213374793,0.470698152228,-0.228829298823,0.809246346051,0.0462686247059,0.539088784683
4.600330,1.15149112499,-0.0366753532446,0.462576387062,-0.233029165024,0.806066421063,0.0501897918993,0.541696702844
4.700320,1.1525327925,-0.0213835772235,0.450850155401,-0.237250325393,0.805373309343,0.0532014463452,0.540606808879
4.800292,1.15269013379,-0.00961644071739,0.435033469837,-0.241458468217,0.807308716894,0.0570095961551,0.535444067759
4.900319,1.15537919867,-0.00223960782222,0.422286810391,-0.243051259063,0.807496093931,0.0582693171926,0.534304061774
5.000327,1.15971578016,4.28325878487e-06,0.409901291417,-0.242170675578,0.80756405929,0.0572966904485,0.534706221487
5.100276,1.16107520873,0.00102319469731,0.388910798305,-0.242353520855,0.811807931488,0.0580962089446,0.528069582355
5.200420,1.16370198227,-0.00380943063845,0.370688578638,-0.241524072512,0.815391350459,0.0543910986958,0.523301706835
5.300311,1.16992356392,-0.0146285537081,0.359263127004,-0.239085768459,0.815710720252,0.0440397313845,0.524894768736
5.400395,1.17246590001,-0.0271143313156,0.344452236729,-0.238348217221,0.819796621083,0.0359611570559,0.519452040703
5.500297,1.17109183162,-0.0437159657371,0.323106999388,-0.236488555848,0.829288640767,0.0330891997033,0.505231252112
5.600360,1.17044959597,-0.0602532899295,0.307171269822,-0.232547176954,0.836709046747,0.0317788480909,0.494802876302
5.700334,1.17181160009,-0.0769271951204,0.296228747147,-0.22587425773,0.841582726057,0.0299323461177,0.489717663101
5.800402,1.17314452093,-0.0955240425474,0.28372271569,-0.219632825297,0.846491090532,0.0267038543109,0.484253198098
5.900384,1.1717783506,-0.112572824215,0.268234924217,-0.214870556858,0.852964572561,0.0244306421658,0.475063391006
6.000317,1.17144476859,-0.13306069164,0.25190426462,-0.206458466649,0.859067745887,0.0215009077611,0.467883768142
6.102194,1.17128234395,-0.154880227897,0.239098738184,-0.195767474943,0.864276146963,0.0193478215236,0.462955180712
6.200313,1.16901126741,-0.175018914195,0.226305874548,-0.185226328493,0.869748657781,0.0183028444634,0.457048668531
6.300294,1.16839830207,-0.194636954029,0.216172683628,-0.172014674355,0.873206672476,0.0160902974235,0.455699639324
6.400318,1.16999726555,-0.212967568865,0.209336284231,-0.158373086045,0.874156027261,0.012689171022,0.458920680029
6.500381,1.16991639304,-0.231237590495,0.200649880906,-0.147823521482,0.875748259667,0.00718388174659,0.45952321381
6.600294,1.16778259278,-0.248102639119,0.191722326762,-0.138430976555,0.878245681788,0.00285217489734,0.457726176059
6.700278,1.16347805497,-0.263786849514,0.180607365827,-0.131953044963,0.882152974654,-0.000262577731897,0.452100048979
6.800299,1.15746617228,-0.278908340892,0.168773367349,-0.125019056334,0.887106679188,-0.00172789481548,0.44430731445
6.900516,1.14896825072,-0.290689428748,0.15298254335,-0.119871977815,0.893130553587,-0.0019896281824,0.433525736911
7.000349,1.13960190127,-0.301205928985,0.136289422948,-0.11427674687,0.899146636199,-0.00169615574514,0.422460974283
7.100327,1.12931757589,-0.309501242458,0.119620065124,-0.109946380391,0.905073447298,-0.00080957086679,0.410795804543
7.200310,1.11898952987,-0.310803411012,0.10298000445,-0.106358932772,0.910624583457,0.00325892288687,0.399299417536
7.300278,1.11077219061,-0.308988707277,0.0901870645292,-0.101372154649,0.914778172437,0.00909808300696,0.390924297506
7.400298,1.10274522797,-0.301147304589,0.079461653804,-0.0981075915141,0.918275464357,0.017713188071,0.383185744798
7.500331,1.096173958,-0.291510092335,0.0707360946085,-0.0992206830832,0.920476620455,0.0224422662904,0.377325313129
7.600350,1.09110431654,-0.283947419289,0.0633115282427,-0.100164615835,0.921873763935,0.0244080601338,0.373523840878
7.700332,1.08630200522,-0.271509022745,0.0557718933147,-0.103830220374,0.922969876014,0.0267680222507,0.369634097849
7.800257,1.0822246185,-0.258347196253,0.0478858782237,-0.1074792837,0.923576854411,0.0284987776811,0.366935712684
7.900268,1.07826914626,-0.242046251524,0.0401777472338,-0.109020917814,0.923748810581,0.0320183442052,0.365755929636
8.000276,1.07346185969,-0.222456976385,0.0334555632054,-0.112729135474,0.923768682847,0.0360532534498,0.364202863143
8.100364,1.07150086458,-0.200499905157,0.0299648197578,-0.11513109355,0.922181381771,0.0408118999485,0.366961468324
8.200302,1.07058301511,-0.179256687733,0.027846535818,-0.119382752387,0.919890201484,0.0431993906022,0.371057392189
8.300304,1.0685939666,-0.156823435288,0.0270170713177,-0.120538594279,0.918684782898,0.0504726769756,0.372748207024
8.400317,1.06526282879,-0.129304678339,0.0270036949347,-0.124846442651,0.917776760825,0.061388514729,0.371928263656
8.500270,1.06658111837,-0.10351677084,0.0333599090014,-0.125373123682,0.914512789799,0.0714041528611,0.377954209008
8.600295,1.07461687406,-0.0833235060709,0.0487870348908,-0.119341392316,0.907998372743,0.0772898828416,0.394110214516
8.700256,1.07811971868,-0.0632616736223,0.0618943387607,-0.1219747227,0.902967196941,0.0815275217926,0.403888191782
8.800347,1.078833223,-0.0456187921727,0.0745900485766,-0.126082595185,0.899565236559,0.087399510996,0.408958298417
8.900295,1.08149911318,-0.0315610366955,0.0923956548626,-0.132504538425,0.894786238315,0.0900854462115,0.416755020846
9.000338,1.08511847755,-0.0227901244054,0.110963569155,-0.136272261066,0.890158824622,0.0915804359995,0.42504136452
9.100299,1.08970710653,-0.0167758587617,0.13175777013,-0.137342419439,0.885162095431,0.0932395953317,0.434662515635
9.200302,1.0945918836,-0.0146480430329,0.153778323326,-0.13875541595,0.880121076509,0.0934565228113,0.444296864239
9.300352,1.0993005626,-0.0126489304131,0.178440484029,-0.139407495572,0.874657999931,0.0943065314194,0.454582458381
9.400272,1.10337394759,-0.012744278897,0.200758847553,-0.141201088351,0.869534389976,0.0933424094224,0.463960549939
9.500282,1.10853614848,-0.0197477354328,0.219555518665,-0.138303781598,0.865623007125,0.091305326708,0.472474561056
9.600311,1.11332188273,-0.0261136844486,0.237120513478,-0.134092304092,0.861743652268,0.0897439937099,0.48100223217
9.700366,1.11921590815,-0.0382602434063,0.253511214762,-0.12970716432,0.857621181614,0.0842786654798,0.490468211932
9.800318,1.12371206403,-0.0517724964889,0.266957335422,-0.125653259426,0.855124299078,0.0789360327628,0.496732115181
9.900679,1.12802147618,-0.0679936508019,0.27785421447,-0.120395896763,0.853323122192,0.072681865534,0.502057589921
10.000302,1.1314400331,-0.086597325149,0.282422709854,-0.11479973335,0.853294005807,0.0656159976114,0.504385667654
10.100331,1.13562380724,-0.107521449072,0.286461644715,-0.107297520016,0.853159366469,0.0589599490688,0.507079936509
10.200304,1.13964043666,-0.128309443089,0.289508968268,-0.0990107540034,0.853055618682,0.0535265253305,0.50953693989
10.300398,1.1447553933,-0.149519690589,0.295108435194,-0.0911054347848,0.851884513933,0.0479757156999,0.513508427756
10.400296,1.14976827647,-0.167945842073,0.302440691425,-0.0860385377659,0.850329276799,0.0431332371311,0.517375120094
10.500307,1.15220448873,-0.185422191805,0.30951205402,-0.0830739192411,0.85142794434,0.0426043541036,0.516094999541
10.600330,1.1537588407,-0.198232711028,0.317973639781,-0.0824312826108,0.852657879295,0.0450769585034,0.51395300596
10.700304,1.15594334378,-0.213262250311,0.328479489445,-0.0828000324092,0.852930086819,0.0442983206335,0.513509571889
10.800518,1.15709864898,-0.227314921218,0.337481256744,-0.0893499476946,0.853371457613,0.0377526730636,0.512199646481
10.900317,1.15802145849,-0.243171299704,0.344584321035,-0.0984850266668,0.853851814281,0.02510596476,0.510497276491
11.000233,1.15814971973,-0.260749964327,0.350458668827,-0.103531371414,0.854854363732,0.014248648567,0.508234441922
11.100352,1.15710999742,-0.27945154196,0.353736843404,-0.105711544823,0.856540665631,0.00474096053952,0.505114522366
11.200298,1.15745388195,-0.298576706023,0.357591807911,-0.104915754122,0.85622156819,-0.00633189967933,0.505803536712
11.300281,1.15825279662,-0.310417192687,0.362460553113,-0.102207657161,0.855214247365,-0.011079064842,0.507975826437
11.400340,1.15874157543,-0.319146317307,0.364939730395,-0.0997225318959,0.854757602153,-0.0137086748517,0.509172790344
11.500404,1.15779101004,-0.326402565382,0.366134150807,-0.0990417848212,0.855652745655,-0.0155860441074,0.507746175703
11.600336,1.15644350776,-0.329040663454,0.367255432145,-0.0995708574359,0.856850069201,-0.0153325593266,0.505626854393
11.700339,1.15637225705,-0.332617022889,0.369629707395,-0.0984586320205,0.856512994241,-0.0172092376484,0.506354846542
11.800315,1.15627363993,-0.331478200605,0.3690989519,-0.0996721432975,0.85666318966,-0.017708475647,0.505845878922
11.900274,1.15626032508,-0.33103997853,0.367021374552,-0.0994562465239,0.857152321815,-0.0171981739587,0.505076801137
12.000358,1.15567431045,-0.333028670308,0.365761146492,-0.100475910952,0.857757562241,-0.0193576028212,0.503767643809
12.100236,1.15543173166,-0.332058061659,0.365383052386,-0.100563595222,0.858015268414,-0.0187665993349,0.503333465243
12.200336,1.15514971524,-0.331229752616,0.363852213187,-0.100996286974,0.858502864397,-0.0182601639932,0.502433227654
