time,right_s0,right_s1,right_e0,right_e1,right_w0,right_w1,right_w2
0.061106,1.04181763666,-0.122089911798,0.0446627773443,0.382080851259,0.874410596189,0.209654711369,0.213225782621
0.100261,1.04173276846,-0.121643245443,0.0448285352231,0.381528575493,0.874630889778,0.209720863241,0.213246130679
0.200553,1.04137622539,-0.122013356516,0.0440224174229,0.381364131046,0.874910345004,0.209148776329,0.212955575451
0.300390,1.04164108209,-0.121915413377,0.044290216036,0.381809551701,0.874596011087,0.209537101499,0.21306685973
0.400310,1.04194727888,-0.121189481637,0.0458081865741,0.38074903927,0.874841800409,0.209877000536,0.2136203127
0.500475,1.04177741804,-0.121479726515,0.0454771675152,0.381337548716,0.874644309649,0.209810328649,0.213444680257
0.600900,1.04240631511,-0.122031023449,0.0459951819708,0.381548804525,0.874363196739,0.209835553303,0.214192788215
0.700304,1.04224842692,-0.122048504143,0.0457602491271,0.381583628717,0.874432384503,0.209822268266,0.213861064637
0.800415,1.04209603965,-0.121426417499,0.0459401676632,0.380736509439,0.874845250224,0.209625131818,0.213875671014
0.900334,1.04211644335,-0.121729239067,0.0461032521192,0.381021880439,0.874700910702,0.209728220993,0.213856766935
1.000392,1.04203862747,-0.122650588317,0.0455830835344,0.381521107562,0.874569482499,0.209405768944,0.213820225185
1.100273,1.04202506784,-0.121470658571,0.0457331502615,0.380837345716,0.874844132241,0.209689193065,0.213637783886
1.200405,1.04205249189,-0.121407950517,0.0459740501266,0.381121107876,0.874655413308,0.210058916906,0.213541238479
1.300635,1.04284176588,-0.123489597422,0.0462436951179,0.382426765529,0.873881982106,0.210296790586,0.21413853046
1.400380,1.04367851571,-0.125020012897,0.0474751706335,0.382389218059,0.873735942381,0.209467259248,0.215609499344
1.500322,1.04457900265,-0.129719924271,0.0484109987435,0.383641090842,0.873173924608,0.208021204607,0.217057571247
1.600384,1.04606427731,-0.136298446743,0.0485842611208,0.384532465815,0.872849622603,0.204931437711,0.219707589524
1.700338,1.04725802438,-0.147454959096,0.048718852042,0.386633408823,0.872346265377,0.199587250058,0.222915970894
1.800259,1.04667102555,-0.162358181629,0.0472505732102,0.390389544648,0.872115936931,0.192460515811,0.223536900386
1.900290,1.04527959957,-0.180250553059,0.0464229437692,0.395957467967,0.871274902051,0.185033314379,0.223294427132
2.000427,1.04510857604,-0.200610175429,0.0453942392736,0.402660729353,0.869157759921,0.178354425624,0.224986275728
2.100416,1.04645718375,-0.225348798743,0.0450457053349,0.412349461571,0.864734307666,0.173204307793,0.228479247304
2.200309,1.04678119133,-0.246146373231,0.0453162391746,0.420816885037,0.860818810431,0.169758552521,0.230404337465
2.300266,1.04427955165,-0.271316366614,0.0443046619568,0.432256335079,0.856294315511,0.165904185994,0.228889290001
2.400445,1.04240193338,-0.296618771935,0.0432354637716,0.443491595159,0.851087917274,0.162581947445,0.229197889298
2.501123,1.04018222816,-0.320344712793,0.0423169196396,0.453786678395,0.846143802514,0.158956896408,0.229893499395
2.601006,1.03784170528,-0.344957942108,0.0408803855706,0.464901081668,0.840263383508,0.156158239667,0.23116884475
2.700206,1.03733004503,-0.375047554653,0.0435139862119,0.476721157702,0.83248152349,0.152890350866,0.237352041193
2.800516,1.03710605777,-0.398949410009,0.0453108701811,0.486223044609,0.82560127474,0.150749946513,0.243401190763
2.900514,1.03300742044,-0.426405055859,0.0441735544307,0.497939675377,0.818668699106,0.147001345012,0.245414435914
3.000607,1.02978084627,-0.443587440593,0.0434547919527,0.505084495269,0.814358496552,0.1448388376,0.246437827566
3.100302,1.02750430426,-0.461575495082,0.0451180150272,0.512687763082,0.80900316957,0.143345766528,0.24923306448
3.200277,1.02646855518,-0.47242904601,0.0467605697515,0.518073771309,0.80502038114,0.143614366983,0.250831949774
3.300367,1.02854345996,-0.476560858718,0.0499203221955,0.52185721728,0.801234199433,0.147398813617,0.252907872902
3.402200,1.03343006915,-0.476317124578,0.0552936935894,0.52519541632,0.796836630631,0.154499981777,0.255638249077
3.500479,1.04079417753,-0.472733823649,0.0624637781464,0.524294748541,0.794661603308,0.161185256966,0.260090879919
3.600263,1.05188253948,-0.469653734962,0.07459573493,0.523186620326,0.790781752413,0.170478018273,0.268099283192
3.700302,1.06366421587,-0.465210280278,0.0872538343074,0.523255749941,0.7856085373,0.182915669372,0.27488998558
3.800362,1.08005072219,-0.46066942319,0.105123102803,0.52179371607,0.778541161789,0.198420581148,0.286765148244
3.900237,1.09556012325,-0.454945592063,0.121691785875,0.520659496848,0.771239221941,0.214392041378,0.296883484679
4.000232,1.11061345265,-0.446729800575,0.140197813167,0.521396234328,0.761429869122,0.234652780769,0.305464553943
4.100755,1.12182331596,-0.438715428432,0.155283260334,0.521464019415,0.753635259292,0.252288089091,0.310579929343
4.200387,1.13039543068,-0.428386335875,0.167572213315,0.522579063695,0.74661343685,0.269895884291,0.310862847162
4.300545,1.13876363667,-0.418777493073,0.182573665926,0.521754459169,0.739916580512,0.287649081775,0.312335947297
4.400428,1.14451447566,-0.41323886116,0.19398776382,0.521898919945,0.734114144415,0.299936193051,0.314223201607
4.500305,1.14846036058,-0.408444945362,0.200222597261,0.523269846558,0.728845536035,0.309654504479,0.314780781088
4.600399,1.15214395555,-0.404385425193,0.206450839178,0.526339981543,0.721960631453,0.320097900588,0.31508158388
4.700514,1.15576714557,-0.400817687959,0.212055815977,0.52890207622,0.715529616182,0.329268589539,0.316009743647
4.800299,1.15851578902,-0.400776092771,0.215905052429,0.529062683085,0.71258298249,0.331503355444,0.320037022485
4.900250,1.15955900126,-0.399441447646,0.216703903999,0.527809070365,0.712802927006,0.331649290107,0.321462783015
5.000384,1.16074287487,-0.396905810051,0.218180159842,0.526668508079,0.712807843624,0.332906280666,0.322022777082
5.100764,1.16329274789,-0.393616039682,0.224467065559,0.522837809216,0.713367971815,0.334819222564,0.325027460755
5.200300,1.16427587615,-0.390952939758,0.226428550651,0.520078477995,0.714903852617,0.33511945972,0.325769559592
5.300419,1.16487046802,-0.384745940288,0.227237154873,0.517817240894,0.716414763438,0.337070997366,0.324034464981
5.400461,1.16588561993,-0.379313325575,0.226598610598,0.51657945236,0.717132923568,0.337792747335,0.323669737823
5.500640,1.16748548938,-0.370350982395,0.228304515983,0.513514839207,0.718526451143,0.33984996541,0.323302103198
5.600392,1.16927707995,-0.359134877151,0.231059708081,0.509567828482,0.720238527314,0.342699221639,0.322729508159
5.700282,1.17203273789,-0.34437048438,0.232221404937,0.504870441545,0.722138493463,0.34543270752,0.322952129715
5.800291,1.17322311719,-0.328251002944,0.230564697568,0.499751221372,0.725950179556,0.347002234876,0.320678191543
5.900504,1.17457833797,-0.302309416597,0.231150286868,0.491139832316,0.731632623152,0.351084211873,0.316599504147
6.000306,1.17461228806,-0.277409949587,0.230579877392,0.482743258581,0.737809154836,0.354279092852,0.311581324381
6.100302,1.17432523736,-0.250665786307,0.22992657211,0.47374708619,0.743952582443,0.357942915311,0.306553621381
6.200246,1.17220726808,-0.215802233733,0.230121182741,0.461090522869,0.752914649365,0.362289045577,0.298766979345
6.300556,1.1690051596,-0.185135952648,0.23013896107,0.448951362387,0.761671293966,0.365488382645,0.29106314832
6.401858,1.16614594308,-0.149332155181,0.236606108712,0.430526354791,0.77222847621,0.368312224264,0.287500163163
6.500277,1.16321302818,-0.119895453717,0.240077609264,0.416428949901,0.779699414812,0.371116115725,0.284479491133
6.600276,1.16010635536,-0.0942659339604,0.241089470249,0.406994451231,0.784251172725,0.374702970062,0.280897310372
6.700296,1.15672122943,-0.0732309278119,0.241034033002,0.399593331388,0.787996339057,0.377567459823,0.277181803921
6.801173,1.15263819652,-0.0523347495503,0.24117096925,0.392177295207,0.791851622862,0.380395137235,0.272887368824
6.900436,1.14848875088,-0.0343034097222,0.238928903749,0.384428887474,0.796586440451,0.380640559474,0.269772566895
7.000308,1.14649180141,-0.0259462208327,0.236786560728,0.37866811597,0.800675890368,0.377011165007,0.270908024967
7.100253,1.14414226363,-0.0199988617945,0.232391938615,0.372990548448,0.805585530858,0.37170212645,0.271564969083
7.200439,1.14214100821,-0.0174304018673,0.230718305339,0.369890464602,0.808651997079,0.368892904035,0.270519901614
7.300348,1.13615222103,-0.0165005600303,0.222783046598,0.366949420452,0.815444770741,0.362249004516,0.263008759224
7.400737,1.12833154268,-0.0153588559527,0.211985779763,0.364115601999,0.823212565444,0.354973527,0.25245731442
7.500489,1.12324848129,-0.0198462922211,0.199773838453,0.36130763854,0.83082688674,0.343110527866,0.247908532062
7.600250,1.11185627513,-0.0283406663873,0.173821186197,0.353269372669,0.847206358483,0.316541602011,0.239256244802
7.700402,1.10504699714,-0.0396606683158,0.15292870022,0.347982813835,0.858348587542,0.293836965622,0.236231880098
7.800570,1.09508194635,-0.046795572083,0.129776749577,0.336321199887,0.872223877897,0.270274854645,0.230358547225
7.900308,1.07561237525,-0.0553582389944,0.0974197397615,0.332095437914,0.886921740562,0.242759176024,0.210120034008
8.000304,1.06616569061,-0.0562011503862,0.0776043674175,0.33445928981,0.890743003927,0.234846190518,0.198899852224
8.100317,1.05822413607,-0.0585529592152,0.059913314985,0.33793783357,0.892854882268,0.228657658191,0.190588182222
8.200379,1.05251936811,-0.0601826978002,0.0449345360842,0.34298950364,0.892816756506,0.224852886643,0.186219276828
8.300405,1.05065198288,-0.0634172485108,0.0290175431949,0.348964088126,0.8906122098,0.221060917403,0.190173677861
8.401093,1.05259237402,-0.0645460296594,0.0193657536335,0.352706141924,0.887379003472,0.220434461576,0.198910858919
8.500342,1.05029177823,-0.0643504867803,0.0115151986382,0.354310367875,0.886991518246,0.218225835966,0.200219115703
8.600238,1.04358767355,-0.0622413265879,0.00417563626646,0.353928177633,0.889411841878,0.214433369547,0.194164236228
8.700450,1.04041117693,-0.0620258829895,-0.000115723910366,0.354465614155,0.890169295492,0.212721852702,0.191578096682
8.800245,1.03946023121,-0.0620947348693,-0.000625045655274,0.355085745554,0.890229264818,0.212353015867,0.190557513673
8.900335,1.04075356566,-0.0624475632117,0.00448017163271,0.354913236772,0.889882565377,0.213378416881,0.191351157333
9.000303,1.03446075195,-0.0615232534454,0.00482363534393,0.353401461422,0.893013838342,0.210339254617,0.182732289325
9.100307,1.03777673823,-0.0628638686496,0.0063163430236,0.353843708976,0.89172404676,0.211219180392,0.187107754736
9.200340,1.03715166158,-0.0657142317625,0.00407840969882,0.354691799076,0.891906845759,0.209211926022,0.18688573024
9.300596,1.03553609107,-0.0641509671561,0.00224380245021,0.354097178542,0.892562653612,0.208766569324,0.185374262125
9.400335,1.03566087026,-0.0653196689384,0.00193884200942,0.354081321152,0.892669405706,0.207785087517,0.185992224389
9.500402,1.03498819442,-0.0656793413265,0.00103901072899,0.354243954886,0.89287863629,0.207233991886,0.185291753433
9.600669,1.03480188013,-0.0654180347928,0.000459891697365,0.354625936804,0.892719590758,0.207655574221,0.184854915317
