time,right_s0,right_s1,right_e0,right_e1,right_w0,right_w1,right_w2
0.129280,0.580934271117,-0.816825336899,-0.0179077674684,0.409878556346,0.911574876784,-0.00626479983621,0.0314891306154
0.129406,0.580934271117,-0.816825336899,-0.0179077674684,0.409878556346,0.911574876784,-0.00626479983621,0.0314891306154
0.200368,0.580334505719,-0.817194773989,-0.0174074683711,0.410062285417,0.911501086857,-0.00648545473515,0.0311870103315
0.300654,0.580979105869,-0.816464768955,-0.018053475323,0.409681413185,0.911674249519,-0.00582903052092,0.0312605959159
0.400478,0.581282024155,-0.816196735497,-0.018049013513,0.410032771783,0.911513264922,-0.00550172929624,0.0314074021521
0.500683,0.581868383544,-0.817414224947,-0.017242724415,0.409919116404,0.911528780429,-0.00641437998546,0.0322561030762
0.600306,0.582540577159,-0.817752146382,-0.01721725654,0.409880584488,0.911523334556,-0.00636422554942,0.0329030948837
0.700668,0.582670314961,-0.81934944311,-0.0160043330772,0.409959278712,0.911442467058,-0.00736159448772,0.0339385616632
0.800990,0.583660613584,-0.818575328093,-0.0156073866379,0.409659377669,0.911563583829,-0.00668239574224,0.0344437586882
0.900334,0.582752826411,-0.81908976756,-0.0160043003564,0.410819405707,0.911056619687,-0.00666472371915,0.034041637391
1.000395,0.582522089919,-0.818158301162,-0.0169531188482,0.409869528593,0.911521353676,-0.00645284383576,0.0330779704804
1.100771,0.581782764165,-0.81947682073,-0.0161527120803,0.410750563431,0.91110594574,-0.0069920207079,0.0334819641737
1.200559,0.58146060272,-0.819759902355,-0.0164074698899,0.41067047853,0.911143382017,-0.00716360364044,0.0334092540033
1.300694,0.581925323669,-0.819243992447,-0.0165324099545,0.410561703464,0.911188756079,-0.00672077298009,0.0336001436538
1.400271,0.580951996196,-0.818834732719,-0.0169657587119,0.411360002623,0.910868587099,-0.00610105482384,0.0326211956975
1.500636,0.58186460453,-0.818333458878,-0.0177310393184,0.410308872097,0.911336162794,-0.00618319875548,0.0327840802063
1.600239,0.580949516173,-0.81883268544,-0.0183844953549,0.410583252939,0.911227516522,-0.00621596921183,0.0323599639283
1.700355,0.580712188814,-0.818782137861,-0.0180082892743,0.411113383092,0.910994929589,-0.00611317126652,0.0321971061187
1.800310,0.582351575738,-0.818294540654,-0.0177054631509,0.409919802012,0.911492144931,-0.00578606419655,0.0333818380034
1.900300,0.582086201901,-0.818648048851,-0.0173203593775,0.410966691833,0.911020293993,-0.00575598789687,0.0333956694816
2.000468,0.581274440198,-0.818377681549,-0.018123042634,0.410654451843,0.91119128279,-0.00576224141839,0.0325601585194
2.100720,0.581150000519,-0.818486646729,-0.0183736156987,0.411266360973,0.91091375014,-0.00560838565352,0.0326292222891
2.200475,0.581109297173,-0.819041763703,-0.017466486399,0.411147779868,0.910955490711,-0.00593831096853,0.0328988376196
2.300425,0.581520167,-0.818659508537,-0.0177209634061,0.411068751935,0.910989523875,-0.00576472720058,0.0329747857239
2.400676,0.581274440198,-0.818377681549,-0.018123042634,0.410829163033,0.911112524034,-0.00575599798029,0.0325612628168
2.500669,0.580469146797,-0.819011319315,-0.0179984826603,0.411417303437,0.910852555265,-0.00557591769283,0.0324397000831
2.600285,0.581699260706,-0.818188083959,-0.0178628654638,0.410527385574,0.91124108299,-0.00570874020546,0.0327775021919
2.700680,0.58112739941,-0.817891694847,-0.0179110884118,0.410021822159,0.911501285474,-0.00599592162939,0.0318050445017
2.800599,0.576399698253,-0.818841656211,-0.0190319021782,0.411799745776,0.910795922073,-0.00599860904555,0.0289097631278
2.900336,0.57596678597,-0.819385151536,-0.0188698897139,0.413151211943,0.910167275116,-0.00492782212267,0.0296196547407
3.000673,0.572613388246,-0.819737011537,-0.0188467281078,0.41499112468,0.909414476913,-0.00573803531316,0.0267348194032
3.100286,0.574837955567,-0.820966230014,-0.018437447644,0.413315910157,0.910067744544,-0.00533747211756,0.0303013224727
3.200534,0.578637962964,-0.817575978415,-0.0177233131015,0.415756078054,0.908896373285,-6.68468118799e-05,0.0324693966986
3.300465,0.586655880431,-0.809295061519,-0.017868501837,0.419130466346,0.907091692171,0.0119709431259,0.0370271615919
3.400292,0.600385889458,-0.797460066614,-0.0171073288683,0.425478895828,0.903281789883,0.0312808170392,0.0455107432912
3.500590,0.617097584945,-0.783488366065,-0.0138688210679,0.43221595177,0.898207096931,0.0564846724298,0.0567702725004
3.600256,0.636155951979,-0.76674165672,-0.0114813175677,0.436304162456,0.892940565096,0.0858423761716,0.070191961669
3.700691,0.656332078104,-0.751111762516,-0.00755862878797,0.443460827736,0.884381330578,0.116318231662,0.0876483050152
3.800756,0.676137107936,-0.739331485185,-0.00495851157925,0.450593092865,0.87465425492,0.141723597321,0.10890464166
3.900320,0.696403449333,-0.730961541268,-0.00445826562834,0.448716453398,0.868912138984,0.158905335248,0.135625711447
4.000608,0.716016052582,-0.723143002321,-0.00362150222065,0.445536517914,0.863218350923,0.174310919743,0.161142772391
4.100341,0.737084460607,-0.71501530655,-0.0024752845494,0.446325470163,0.852860634425,0.19494611294,0.188197571665
4.200908,0.755855294821,-0.706696351771,0.00295732673929,0.446441204386,0.841788050236,0.220362217422,0.208623159404
4.301062,0.77308128068,-0.695592138789,0.0108328490058,0.445860469107,0.828249714216,0.253523239477,0.225691869669
4.400513,0.787297311743,-0.687760520706,0.0211449608506,0.444338684546,0.813595198302,0.285505463997,0.243130863411
4.500223,0.799068511638,-0.682958131965,0.0297999491637,0.439264716144,0.801242443342,0.310874963179,0.261560343721
4.600839,0.812212543066,-0.680053579694,0.0422310151305,0.433006372639,0.787398640432,0.334953105071,0.283399505476
4.700587,0.824148340561,-0.6771971457,0.0589352350123,0.432897431183,0.76867753052,0.361737956063,0.301463628473
4.800339,0.832980165308,-0.673043773275,0.0757919735313,0.436861437544,0.747768961558,0.390161247239,0.312678534075
4.900902,0.838736161215,-0.669383783268,0.0899106203385,0.43543929822,0.733863401457,0.410663380192,0.321236227312
5.000342,0.843660213189,-0.667109041304,0.105981461912,0.430323934458,0.720180440787,0.430698929397,0.332655792608
5.100323,0.84564347681,-0.661096181754,0.119825886524,0.421128570651,0.709600638926,0.450653518102,0.340630396236
5.200241,0.847637286083,-0.655439225656,0.133221322786,0.417114184224,0.695012278065,0.472920182991,0.345427548375
5.300415,0.850528053101,-0.657429820738,0.142425478196,0.419501326407,0.68003046162,0.487319906679,0.35227335546
5.400269,0.853379580218,-0.658852367923,0.155823284761,0.417763478724,0.662430279399,0.506008607248,0.361407097565
5.500532,0.855138786237,-0.658385224841,0.169331143186,0.405534874717,0.652204615661,0.519096367217,0.375112738041
5.600298,0.855899863903,-0.656193529215,0.182128439905,0.400677942763,0.632804017917,0.539887196622,0.384106854944
5.700609,0.85296776038,-0.652469222948,0.18899120788,0.397438244477,0.615676670117,0.559677573115,0.386970404363
5.800257,0.844351622841,-0.645707711427,0.190913553443,0.395622868748,0.59824050065,0.583537548876,0.380886831168
5.900254,0.833309841199,-0.63831089164,0.189388627767,0.395025970862,0.583059384073,0.604225056053,0.372704063066
6.000578,0.823812573558,-0.632750076736,0.182988174311,0.400416787435,0.569585788954,0.618017689354,0.365092537594
6.100295,0.815922073523,-0.62444996196,0.178558836168,0.40590716898,0.555461548829,0.631250003066,0.358085564596
6.200599,0.8114466669,-0.615519746799,0.18271888746,0.412081546867,0.533741612352,0.649442380115,0.351473021564
6.300564,0.808337149233,-0.610441906411,0.194068455587,0.421827509066,0.500836013146,0.672216547269,0.345470337523
6.400567,0.805671184651,-0.60389061298,0.206566894248,0.422686569826,0.473695708468,0.691440120909,0.344759334414
6.500284,0.80459997628,-0.599948956425,0.21498703836,0.417776107755,0.462201856094,0.698551233446,0.351935707572
6.600255,0.802766883101,-0.601188619733,0.227894552367,0.410416309548,0.453687603003,0.703757164444,0.361181208304
6.700813,0.802524306858,-0.601388536693,0.245094043574,0.402040319526,0.448741229368,0.708639230262,0.36718569127
6.802495,0.803318180664,-0.604199997813,0.264177681385,0.394497478779,0.443154713463,0.712719334671,0.37418817346
6.900294,0.805669292361,-0.60755440438,0.288657517192,0.386713471097,0.431392441913,0.720516307383,0.381063647081
7.001173,0.807505141367,-0.609658706416,0.313924891114,0.378694083828,0.419802000012,0.729050369299,0.385801283934
7.100471,0.809156103766,-0.609454738864,0.338006548113,0.371789927039,0.408819183809,0.737591938188,0.388068625144
7.200786,0.81420627794,-0.608001786343,0.356099175404,0.370142975971,0.403699835658,0.740505567598,0.389451055185
7.300365,0.81908685942,-0.607953678188,0.371703731788,0.371777444484,0.402847834641,0.739448050562,0.390783487903
7.400777,0.821897186843,-0.606058686315,0.386095870156,0.372402931777,0.404455111881,0.739338173589,0.388730220012
7.500372,0.821521595557,-0.59805212942,0.398303323298,0.364741591693,0.412906143637,0.738316980838,0.389050284207
7.600298,0.82163257025,-0.593218540957,0.40475732233,0.36031446123,0.416442586757,0.738438578972,0.389175443791
7.700325,0.821480118339,-0.591070687781,0.404078754298,0.359721904474,0.416545037267,0.739576689031,0.387448970075
7.800682,0.821412749636,-0.591361193238,0.397637369855,0.362174438062,0.417520307135,0.73882553764,0.38554285686
7.900739,0.819130548677,-0.594185911815,0.396924391352,0.363414097137,0.412812912419,0.740874765429,0.385513002753
8.000299,0.81920888393,-0.596407619118,0.396600842876,0.365543795589,0.409146450694,0.741643156958,0.385930490021
8.100292,0.818116878345,-0.597338951502,0.395102461756,0.366768761601,0.40789910717,0.741871871305,0.385648960132
8.200221,0.818666482172,-0.598205217792,0.390011925128,0.370814282692,0.409744933437,0.739251506993,0.384854604601
8.300739,0.819186718059,-0.59947708994,0.386949699187,0.373338232553,0.412705361603,0.736128940317,0.385236332459
8.401295,0.820553808518,-0.597313561856,0.386149958732,0.372932468683,0.417128579511,0.733852620687,0.385208324246
8.500383,0.820705255876,-0.595615142584,0.386230882963,0.371794065227,0.41979170831,0.732969027564,0.385098038593
8.600426,0.821027846379,-0.593547926609,0.387215599874,0.370152144786,0.421358714664,0.732975809259,0.384955434209
8.700295,0.821478473485,-0.592278720201,0.386164278406,0.370382973502,0.421328640591,0.733504304317,0.383757820905
8.800434,0.821561073644,-0.591084927323,0.386659761551,0.369647316685,0.421271374717,0.734113218037,0.38336545647
8.900284,0.821168695377,-0.589571608162,0.385790361238,0.369627416932,0.42121871876,0.734901118254,0.381930242331
9.000474,0.821648728012,-0.587962871749,0.38578231914,0.36846032465,0.421950289971,0.735334747903,0.381415456529
9.100229,0.822182495205,-0.585807765173,0.385058557338,0.368433927535,0.42235328052,0.735939401038,0.379825414467
9.200589,0.822954976088,-0.583535614935,0.384757067034,0.367850227557,0.422623370366,0.7367549251,0.378507433543
9.300248,0.823157224897,-0.583381405724,0.384400591514,0.367378299196,0.423060140963,0.736414899609,0.379139022051
9.400479,0.822693907203,-0.582940248408,0.385128940774,0.36702638418,0.422044088097,0.737715348662,0.378082643567
9.500599,0.821778803878,-0.579906525028,0.386143578612,0.364661684644,0.422116546926,0.739612703673,0.376580038145
9.600267,0.822637726886,-0.580380625865,0.385649803111,0.365498364187,0.422374776498,0.738804282485,0.377065944015
9.700752,0.82159701307,-0.57766553088,0.386421582417,0.364032440539,0.421634382446,0.74094211425,0.375112800509
9.800626,0.821411461026,-0.578199929068,0.387259559948,0.363650462465,0.420922053544,0.741496875115,0.375187086911
9.900302,0.821342985555,-0.580121334149,0.38660630405,0.365841439998,0.420846173128,0.740900292261,0.374319778092
10.000942,0.823608061045,-0.57858242257,0.382369984073,0.3687464288,0.427780324634,0.734762904694,0.375704057722
10.100266,0.826198969907,-0.574798816289,0.374311329871,0.370428019428,0.440231329176,0.725397898569,0.377858899573
10.200615,0.826415961349,-0.568762352827,0.368355064251,0.366669375442,0.451969673056,0.719458769728,0.379019870734
10.300309,0.824692128754,-0.566998653699,0.368437934699,0.363582758667,0.45344318055,0.720281279183,0.378671016148
10.401039,0.823594369755,-0.57521540921,0.375429320083,0.368543488496,0.440186046003,0.726863903816,0.37693607856
10.500307,0.818174167367,-0.590599444573,0.39729955641,0.372796996591,0.404458438107,0.747831944859,0.371729946903
10.602844,0.808179941445,-0.597459146468,0.42065814539,0.362982205875,0.378681998428,0.767361795431,0.368781421979
10.700745,0.79411873894,-0.594255291804,0.441949602786,0.344297552286,0.369457975178,0.779901324284,0.369748461047
10.800574,0.786209876323,-0.587073056926,0.45681965983,0.335794240982,0.36926178658,0.783630959467,0.369879007325
10.900732,0.783465173814,-0.582723285454,0.475907435987,0.335430251362,0.366204047395,0.78451109292,0.371380515413
11.000278,0.786275386281,-0.581815678491,0.494219899642,0.34344965358,0.365590096688,0.779140778751,0.375933323274
11.100243,0.792488388142,-0.582569139079,0.510163501744,0.357076201486,0.364940316966,0.771757096624,0.379085920598
11.200759,0.794712345706,-0.579058763201,0.53234362185,0.359547689703,0.360916310403,0.771990407771,0.380125881813
11.300607,0.790051884975,-0.576279436527,0.560229054045,0.352648496478,0.34806457834,0.781926322243,0.378260907074
11.400594,0.779387505706,-0.575980356464,0.587890864391,0.340472157702,0.328742083834,0.79734997667,0.374486804643
11.500742,0.76701603104,-0.575827756829,0.610358790413,0.326076817705,0.311710079381,0.810480441734,0.373673907216
11.600244,0.755246729361,-0.572993256334,0.629358684244,0.312710570634,0.302052089793,0.819035447081,0.374376241888
11.700289,0.746034171531,-0.567660186251,0.642463035208,0.299213109762,0.30280567178,0.821087339261,0.380257572431
11.800489,0.738774029104,-0.563693060396,0.649830913334,0.287057251154,0.31002996328,0.817883767366,0.390570991636
11.900302,0.728201429652,-0.56215329126,0.662957031833,0.270618364707,0.318765998917,0.812970001198,0.405257591873
12.000631,0.715965832653,-0.561396948407,0.677764417076,0.255944796029,0.32307124844,0.811354885081,0.414512340315
12.100247,0.701683565951,-0.563908543475,0.695416423423,0.240936064854,0.329285449858,0.804455633396,0.431708280048
12.200734,0.687510536785,-0.56482425025,0.711944704707,0.225035773765,0.34019348915,0.792436790512,0.453509893508
12.300560,0.676532343303,-0.558225220952,0.721864995014,0.213701273318,0.350776172702,0.786597702487,0.461033509507
12.400659,0.663383306394,-0.541728617009,0.728349641206,0.199466439039,0.365881915208,0.782664461085,0.462363390826
12.500537,0.652580341622,-0.522997147099,0.729097091671,0.183710537723,0.388168019881,0.770590835817,0.47092015292
12.600230,0.642187715903,-0.507988297475,0.727698043682,0.170441190641,0.407616430859,0.757529493156,0.480570195524
12.700425,0.632149122183,-0.494348129187,0.725820473025,0.16263126672,0.421841177449,0.751484686882,0.480491266804
12.800792,0.626591830786,-0.484461165113,0.725246651369,0.160131573694,0.431118909862,0.748842359568,0.47721010591
12.900861,0.627211800085,-0.479962403312,0.724631859186,0.162844827098,0.440425721553,0.743349891215,0.476379770049
13.000646,0.631919047122,-0.473613913195,0.724623105964,0.165011072003,0.455456720692,0.733347050551,0.477003799923
13.100465,0.635565669277,-0.463401601844,0.724678844071,0.169146528135,0.470852893586,0.729308833204,0.466685794119
13.200692,0.636315328133,-0.45213437803,0.725417717922,0.169683531195,0.484610188597,0.727666904443,0.454820118868
13.300331,0.634334678152,-0.43623461508,0.725528433715,0.162798185753,0.500895545569,0.727454319097,0.43978473913
13.400911,0.624266566369,-0.418232830999,0.725526129041,0.14534255213,0.514155642964,0.731174660984,0.424149893886
13.500544,0.606404275656,-0.39818832967,0.724618319817,0.120391199107,0.526099718753,0.739187091036,0.402898857719
13.600404,0.583590186276,-0.3824766463,0.724624235968,0.0926290534056,0.533806413971,0.749917753249,0.379597068259
13.700581,0.564450410353,-0.378253203909,0.726485229787,0.0738750892003,0.537960421707,0.758012510833,0.361328229307
13.800706,0.552401468371,-0.377637835989,0.728146309128,0.066950504292,0.543501961385,0.764055539478,0.341089988916
13.900861,0.541685780594,-0.372620920976,0.727657065828,0.0631129669117,0.556905111247,0.766346718454,0.313984326982
14.000729,0.531805449992,-0.361865001878,0.724848753886,0.0548041919083,0.576254135133,0.762933873789,0.287853394139
14.100299,0.524090454059,-0.349309755066,0.721118013391,0.0493671740266,0.601693685281,0.75324651216,0.261050345989
14.200673,0.518099990484,-0.337512257263,0.71792822528,0.040367482997,0.623065798773,0.741378036305,0.246004235737
14.300678,0.503815114962,-0.329271887435,0.718217522697,0.0232732516411,0.63378672269,0.738020569823,0.230430866894
14.400310,0.475800784762,-0.319451374769,0.72074752978,-0.00480374934955,0.635617087072,0.744785528623,0.203131383515
14.500530,0.450129087649,-0.31338164013,0.722176976918,-0.0293828054216,0.634831284833,0.750454544666,0.181504454305
14.600296,0.435863550927,-0.309376821193,0.722058900272,-0.0435020909896,0.635160429508,0.752367805831,0.16917884506
14.700640,0.422543863763,-0.301695514671,0.720205946873,-0.0566618530388,0.638014129457,0.752170315322,0.154813506425
14.800556,0.4088122843,-0.28906126456,0.716916743461,-0.0696210863219,0.642354200025,0.750699107899,0.137785468933
14.900400,0.396600552472,-0.269813329787,0.712043708238,-0.0800847072388,0.649138906772,0.747080758414,0.118640042944
15.001525,0.386727533427,-0.255204509646,0.713684735899,-0.086128067112,0.649232588759,0.74849798526,0.104066170347
15.100300,0.374750953991,-0.244116317681,0.715574765676,-0.0940350584306,0.647025835079,0.751353419053,0.0893477263467
15.200195,0.363298831783,-0.236615859387,0.719666043331,-0.102940176534,0.642064981764,0.755584239514,0.079046418296
15.300369,0.350642909544,-0.229395022881,0.726815144177,-0.112503460235,0.634261760446,0.761966361505,0.0668001093213
15.400281,0.338585045237,-0.221041156467,0.734400640077,-0.122848378182,0.626373771959,0.767843004406,0.0546012304328
15.500630,0.327326457022,-0.20972569092,0.735175906332,-0.134812136895,0.626013673671,0.766891961251,0.0425357248815
15.600230,0.317101436508,-0.196094640329,0.732466985611,-0.146524041888,0.628930133479,0.762937732192,0.0300600922904
15.700986,0.30788431817,-0.182530689379,0.731078541345,-0.158038829585,0.630536259439,0.759697208285,0.017547239084
15.800529,0.300431489592,-0.171982453033,0.732816188373,-0.166049839459,0.628417379001,0.759925337314,0.00570353338833
15.900610,0.291959484388,-0.159961681635,0.736427414263,-0.175464404382,0.624925628699,0.760681340488,-0.00664075482316
16.000703,0.291110936941,-0.149620430544,0.738610784075,-0.176379147975,0.623048125079,0.761929273602,-0.0128534829325
16.100412,0.2911101632,-0.138425283393,0.73954764493,-0.17686038195,0.622810539746,0.761937100836,-0.0167120090399
16.200847,0.289482675154,-0.127711581384,0.738932961592,-0.178869366591,0.623569068388,0.760746091372,-0.020802670689
16.300259,0.289654457805,-0.113957000408,0.738138464783,-0.178521354848,0.624562995609,0.759874593003,-0.0253336394305
16.400412,0.289161342383,-0.101651761285,0.736764654528,-0.17774560116,0.625335045769,0.759291401992,-0.0289680628102
16.500448,0.28746015397,-0.0889549959487,0.73384466478,-0.177317380385,0.625972655855,0.758595954636,-0.0353406047624
16.600304,0.288690683643,-0.0757006790398,0.729231998497,-0.173193395233,0.628824094821,0.757021538336,-0.0387646245352
16.700657,0.290680127934,-0.0628931039399,0.724514225508,-0.170474129861,0.632281745673,0.75474532704,-0.0389596772029
16.800680,0.29613594289,-0.0506500635834,0.723290838231,-0.163586468442,0.633776224831,0.755079579101,-0.0377093278332
16.901119,0.30393034498,-0.0407662771576,0.725064912772,-0.155178821291,0.633110535017,0.757556108344,-0.034631294871
17.000336,0.309315935718,-0.0329767199984,0.727219860853,-0.15117728554,0.632322618543,0.759093377545,-0.0330269372339
17.100316,0.311926246586,-0.0285184967102,0.729120147922,-0.150234719819,0.630545078342,0.760745398101,-0.0332997358558
17.200574,0.31431026318,-0.0244203891881,0.725180199208,-0.150832238527,0.634391727538,0.757555966158,-0.0300953483325
17.300663,0.315896731799,-0.0228113387383,0.718685959802,-0.153088212323,0.639080111749,0.753222804958,-0.0282137573895
17.400515,0.31597507491,-0.022067071872,0.714375346926,-0.153719221308,0.642349035894,0.750343299771,-0.0272589357081
17.500450,0.316773944942,-0.0204166851592,0.712601820533,-0.153528041547,0.644979612017,0.748173202109,-0.0258321541412
17.600383,0.317520148041,-0.0199148570533,0.711231220507,-0.152465151571,0.646310539385,0.74725346679,-0.0254817700864
17.700404,0.31711123718,-0.0197915174167,0.711316173077,-0.153223396052,0.646013322004,0.747347080243,-0.0257239255865
17.801005,0.317145998797,-0.0197692747228,0.71006995796,-0.152654534963,0.646306609634,0.747179380336,-0.0265957308372
17.900293,0.316165185377,-0.0195904845779,0.709176323573,-0.152918008647,0.64636487772,0.747028279437,-0.0278796915735
18.000551,0.3151839602,-0.0195439381077,0.70835449369,-0.153361581025,0.646436511668,0.746830800186,-0.0290485411201
18.100241,0.314184193484,-0.0188343500654,0.707513255125,-0.154052637376,0.646953396718,0.746197019302,-0.0301512151754
18.202151,0.314764584116,-0.0189034285969,0.708026673012,-0.153674198682,0.646553118541,0.746628824793,-0.0299783847664
18.300611,0.314683329381,-0.0191109280837,0.70836184378,-0.153543323105,0.646339989905,0.746839585948,-0.0299949702376
18.400791,0.314224063669,-0.0189441317294,0.708307161998,-0.153828487431,0.646315512479,0.746799689047,-0.0300546040305
18.500590,0.314609354533,-0.019346070753,0.708166552205,-0.154012747718,0.646420235215,0.746695757975,-0.0294346406007
18.600233,0.314403255676,-0.0192213273309,0.708440819572,-0.153512636147,0.646075338996,0.747066348783,-0.0302059166414
18.700511,0.314853811267,-0.0196224597845,0.708950731509,-0.153382878914,0.645816694008,0.747348216412,-0.029413153899
18.800404,0.314474046073,-0.0196923036314,0.709026734008,-0.153849907999,0.64544617786,0.747545073939,-0.0300965068434
18.900326,0.314226796688,-0.0194834959536,0.709290766033,-0.153863186519,0.645372651964,0.7475949061,-0.0303663679908
19.000838,0.314635890856,-0.0195551255339,0.709052455758,-0.15390607715,0.645638341783,0.747384120977,-0.0296820947389
19.100318,0.314422668761,-0.0199227091929,0.709469110236,-0.154161380144,0.645219080366,0.747700227336,-0.0295123236034
19.201000,0.314752850092,-0.0198681867137,0.709950026756,-0.153686429394,0.645059291835,0.747928689862,-0.0296928664597
19.300670,0.315273568724,-0.0200350777254,0.7103291157,-0.153604043835,0.644637962249,0.748321738378,-0.0293644549715
19.400341,0.316120468884,-0.0205925810146,0.711460208481,-0.152717682568,0.644032149178,0.749039718622,-0.0289724038252
19.500344,0.315665389131,-0.0208507972332,0.711301104709,-0.153341979434,0.644005690137,0.748941011282,-0.0288144067397
19.600247,0.315774797671,-0.0207528018491,0.711084160872,-0.153197769213,0.6442513223,0.748744910955,-0.0291845085822
19.700655,0.315976283786,-0.0213952116334,0.712195906009,-0.153596810311,0.643440149715,0.749384460279,-0.0285608874073
19.800525,0.315728485513,-0.021602182402,0.71172178597,-0.153962324828,0.643819156299,0.748970782542,-0.0289009241327
