time,left_s0,left_s1,left_e0,left_e1,left_w0,left_w1,left_w2,right_s0,right_s1,right_e0,right_e1,right_w0,right_w1,right_w2,
-280.204,-355.598,-179.009,159.853,161.384,-673.783,-594.426
-176.783,-196.39,-160.883,-86.5075,-79.1188,-272.678,-248.127
-150.554,-174.406,-145.929,-180.637,-143.754,-181.103,-134.874
-463.164,-159.69,-179.114,-192.308,-56.3709,-146.758,5.61691
-1123.61,-113.419,-805.198,-68.8434,-894.673,264.624,-765.602
-1921.97,-332.081,-771.409,-247.401,-267.661,-54.4988,-72.7891
-229.156,-600.524,-688.571,-252.658,-788.777,-369.231,-889.279
526.851,-847.098,-364.559,-407.844,-789.882,-780.418,-973.234
468.741,-961.922,-272.21,-674.142,-653.526,-688.944,-349.845
-463.753,-732.337,472.453,-859.982,194.075,-594.645,848.342
-81.6956,-337.658,406.749,0.808691,115.512,-786.1,-587.32
311.587,-49.6961,568.189,161.39,491.834,-421.053,-151.647
118.432,144.741,266.432,169.647,587.834,1.26359,376.533
-629.491,81.4847,-651.456,163.093,-840.732,352.251,-966.977
-1413.65,-168.631,-957.685,-34.8669,-548.018,9.12311,-577.438
-1143.64,-290.592,-1098.84,-112.99,-539.996,-89.5655,-573.547
-268.401,-417.771,-734.868,-182.842,-697.264,-265.642,-828.383
-971.026,-434.972,848.967,-551.863,823.197,-666.686,879.942
1922.7,-185.122,798.284,190.461,-354.968,-325.345,-885.357
1861.3,312.404,661.897,390.097,376.372,242.232,225.682
805.905,430.363,-418.732,208.392,-655.391,733.971,-309.841
266.611,85.8496,-567.528,185.595,-755.009,281.269,-743.468
-3021.28,-127.417,254.694,-455.806,1664.65,-570.229,1839.85
1163.99,-59.9131,-17.4592,113.999,-613.345,93.6832,-748.434
65.4345,20.5401,51.5238,7.50706,53.7818,0.090275,62.8396
-36.0842,-28.8295,0.813641,2.69571,6.88266,-56.1474,-47.4973
-760.151,-369.972,-63.5081,-22.1677,124.679,-692.504,-485.666
-1601.29,-761.116,-172.637,-16.3559,211.219,-1445.53,-1104.08
-1972.57,-927.314,-230.84,-3.63205,236.997,-1772.65,-1397.2
-2095.28,-981.349,-251.358,1.60406,243.992,-1879.65,-1495.9
1.1763,-0.23743,0.354616,-0.297729,0.514751,-0.301997,0.745109
1.16027,-0.401587,0.247737,-0.21259,0.559915,-0.355436,0.717612
-1.57286e-05,-0.000239056,-1.6309e-05,-0.000212128,-0.000113928,-0.000209078,-9.06016e-05
